participant_id,system_name,file_name,snippet_signature,developer_position,PE gen,PE spec (java),Cyclomatic complexity,IMSQ (min),MIDQ (min),AEDQ (min),EAP (min),IMSQ (avg),MIDQ (avg),AEDQ (avg),EAP (avg),IMSQ (max),MIDQ (max),AEDQ (max),EAP (max),Readability,ITID (avg),NMI (avg),NMI (max),CIC (avg),CIC (max),CICsyn (avg),CICsyn (max),CR,NM (avg),NM (max),TC (avg),TC (min),TC (max),#assignments (avg),#blank lines (avg),#commas (avg),#comments (avg),#comparisons (avg),Identifiers length (avg),#conditionals (avg),Indentation length (avg),#keywords (avg),Line length (avg),#loops (avg),#identifiers (avg),#numbers (avg),#operators (avg),#parenthesis (avg),#periods (avg),#spaces (avg),Identifiers length (max),Indentation length (max),#keywords (max),Line length (max),#identifiers (max),#numbers (max),#characters (max),#words (max),Entropy,Volume,LOC,#assignments (dft),#commas (dft),#comments (dft),#comparisons (dft),#conditionals (dft),Indentation length (dft),#keywords (dft),Line length (dft),#loops (dft),#identifiers (dft),#numbers (dft),#operators (dft),#parenthesis (dft),#periods (dft),#spaces (dft),Comments (Visual X),Comments (Visual Y),Identifiers (Visual X),Identifiers (Visual Y),Keywords (Visual X),Keywords (Visual Y),Numbers (Visual X),Numbers (Visual Y),Strings (Visual X),Strings (Visual Y),Literals (Visual X),Literals (Visual Y),Operators (Visual X),Operators (Visual Y),Comments (area),Identifiers (area),Keywords (area),Numbers (area),Strings (area),Literals (area),Operators (area),Identifiers/comments (area),Keywords/comments (area),Numbers/comments (area),Strings/comments (area),Literals/comments (area),Operators/comments (area),Keywords/identifiers (area),Numbers/identifiers (area),Strings/identifiers (area),Literals/identifiers (area),Operators/literals (area),Numbers/keywords (area),Strings/keywords (area),Literals/keywords (area),Operators/keywords (area),Strings/numbers (area),Literals/numbers (area),Operators/numbers (area),Literals/strings (area),Operators/strings (area),Operators/literals (area).1,#aligned blocks,Extent of aligned blocks,#nested blocks (avg),#parameters,#statements,PBU,TNPU,AU,TAU,ABU50,ABU,BD50,BD
14,k-9,1-K9,com.fsck.k9.mail.store.imap.ImapResponseParserTest.testFetchResponse(),4,3,3,2,0.875,0,388,0,0.992021277,0,388,0,1,0,388,0,0.058544081,0.931034483,3.235602094,10,0,0,2.57,21,0,13.90147783,37,0,1,0,0.0625,0.0625,0.625,0.032258065,0.125,7.809160305,0,8.8,0.1,59.6,0,4.366666667,2.3,0.21875,2.375,1.8,10.63333333,18,16,3,88,7,18,319,29,4.833892274,2464.827438,32,32,32,32,32,1,30,32,32,1,32,32,32,32,32,31,0,0,87.9375,30.82022472,88,31,87.84375,30.86516854,88,30.87640449,0,0,87.90625,30.87640449,0,0.508389262,0.008948546,0.008389262,0.168903803,0,0.137583893,,,,,,,0.01760176,0.01650165,0.332233223,0,0.270627063,0.9375,18.875,0,15.375,20.13333333,0,16.4,0,0.814569536,,43,288,1,0,22,1,120,3,0.764243615,1,1,0,0
29,k-9,1-K9,com.fsck.k9.mail.store.imap.ImapResponseParserTest.testFetchResponse(),1,4,2,2,0.875,0,388,0,0.992021277,0,388,0,1,0,388,0,0.058544081,0.931034483,3.235602094,10,0,0,2.57,21,0,13.90147783,37,0,1,0,0.0625,0.0625,0.625,0.032258065,0.125,7.809160305,0,8.8,0.1,59.6,0,4.366666667,2.3,0.21875,2.375,1.8,10.63333333,18,16,3,88,7,18,319,29,4.833892274,2464.827438,32,32,32,32,32,1,30,32,32,1,32,32,32,32,32,31,0,0,87.9375,30.82022472,88,31,87.84375,30.86516854,88,30.87640449,0,0,87.90625,30.87640449,0,0.508389262,0.008948546,0.008389262,0.168903803,0,0.137583893,,,,,,,0.01760176,0.01650165,0.332233223,0,0.270627063,0.9375,18.875,0,15.375,20.13333333,0,16.4,0,0.814569536,,43,288,1,0,22,1,47,2,0.605108055,1,0,0,1
31,k-9,1-K9,com.fsck.k9.mail.store.imap.ImapResponseParserTest.testFetchResponse(),1,3,2,2,0.875,0,388,0,0.992021277,0,388,0,1,0,388,0,0.058544081,0.931034483,3.235602094,10,0,0,2.57,21,0,13.90147783,37,0,1,0,0.0625,0.0625,0.625,0.032258065,0.125,7.809160305,0,8.8,0.1,59.6,0,4.366666667,2.3,0.21875,2.375,1.8,10.63333333,18,16,3,88,7,18,319,29,4.833892274,2464.827438,32,32,32,32,32,1,30,32,32,1,32,32,32,32,32,31,0,0,87.9375,30.82022472,88,31,87.84375,30.86516854,88,30.87640449,0,0,87.90625,30.87640449,0,0.508389262,0.008948546,0.008389262,0.168903803,0,0.137583893,,,,,,,0.01760176,0.01650165,0.332233223,0,0.270627063,0.9375,18.875,0,15.375,20.13333333,0,16.4,0,0.814569536,,43,288,1,0,22,1,174,1,0.219384414,0,0,1,1
42,k-9,1-K9,com.fsck.k9.mail.store.imap.ImapResponseParserTest.testFetchResponse(),1,3,2,2,0.875,0,388,0,0.992021277,0,388,0,1,0,388,0,0.058544081,0.931034483,3.235602094,10,0,0,2.57,21,0,13.90147783,37,0,1,0,0.0625,0.0625,0.625,0.032258065,0.125,7.809160305,0,8.8,0.1,59.6,0,4.366666667,2.3,0.21875,2.375,1.8,10.63333333,18,16,3,88,7,18,319,29,4.833892274,2464.827438,32,32,32,32,32,1,30,32,32,1,32,32,32,32,32,31,0,0,87.9375,30.82022472,88,31,87.84375,30.86516854,88,30.87640449,0,0,87.90625,30.87640449,0,0.508389262,0.008948546,0.008389262,0.168903803,0,0.137583893,,,,,,,0.01760176,0.01650165,0.332233223,0,0.270627063,0.9375,18.875,0,15.375,20.13333333,0,16.4,0,0.814569536,,43,288,1,0,22,0,,0,0,0,0,0,0
40,k-9,1-K9,com.fsck.k9.mail.store.imap.ImapResponseParserTest.testFetchResponse(),1,2,1,2,0.875,0,388,0,0.992021277,0,388,0,1,0,388,0,0.058544081,0.931034483,3.235602094,10,0,0,2.57,21,0,13.90147783,37,0,1,0,0.0625,0.0625,0.625,0.032258065,0.125,7.809160305,0,8.8,0.1,59.6,0,4.366666667,2.3,0.21875,2.375,1.8,10.63333333,18,16,3,88,7,18,319,29,4.833892274,2464.827438,32,32,32,32,32,1,30,32,32,1,32,32,32,32,32,31,0,0,87.9375,30.82022472,88,31,87.84375,30.86516854,88,30.87640449,0,0,87.90625,30.87640449,0,0.508389262,0.008948546,0.008389262,0.168903803,0,0.137583893,,,,,,,0.01760176,0.01650165,0.332233223,0,0.270627063,0.9375,18.875,0,15.375,20.13333333,0,16.4,0,0.814569536,,43,288,1,0,22,1,11,2,0.652259332,1,0,0,1
48,k-9,1-K9,com.fsck.k9.mail.store.imap.ImapResponseParserTest.testFetchResponse(),3,6,1,2,0.875,0,388,0,0.992021277,0,388,0,1,0,388,0,0.058544081,0.931034483,3.235602094,10,0,0,2.57,21,0,13.90147783,37,0,1,0,0.0625,0.0625,0.625,0.032258065,0.125,7.809160305,0,8.8,0.1,59.6,0,4.366666667,2.3,0.21875,2.375,1.8,10.63333333,18,16,3,88,7,18,319,29,4.833892274,2464.827438,32,32,32,32,32,1,30,32,32,1,32,32,32,32,32,31,0,0,87.9375,30.82022472,88,31,87.84375,30.86516854,88,30.87640449,0,0,87.90625,30.87640449,0,0.508389262,0.008948546,0.008389262,0.168903803,0,0.137583893,,,,,,,0.01760176,0.01650165,0.332233223,0,0.270627063,0.9375,18.875,0,15.375,20.13333333,0,16.4,0,0.814569536,,43,288,1,0,22,0,,0,0,0,0,0,0
58,k-9,1-K9,com.fsck.k9.mail.store.imap.ImapResponseParserTest.testFetchResponse(),2,4,2,2,0.875,0,388,0,0.992021277,0,388,0,1,0,388,0,0.058544081,0.931034483,3.235602094,10,0,0,2.57,21,0,13.90147783,37,0,1,0,0.0625,0.0625,0.625,0.032258065,0.125,7.809160305,0,8.8,0.1,59.6,0,4.366666667,2.3,0.21875,2.375,1.8,10.63333333,18,16,3,88,7,18,319,29,4.833892274,2464.827438,32,32,32,32,32,1,30,32,32,1,32,32,32,32,32,31,0,0,87.9375,30.82022472,88,31,87.84375,30.86516854,88,30.87640449,0,0,87.90625,30.87640449,0,0.508389262,0.008948546,0.008389262,0.168903803,0,0.137583893,,,,,,,0.01760176,0.01650165,0.332233223,0,0.270627063,0.9375,18.875,0,15.375,20.13333333,0,16.4,0,0.814569536,,43,288,1,0,22,0,,0,0,0,0,0,0
75,k-9,1-K9,com.fsck.k9.mail.store.imap.ImapResponseParserTest.testFetchResponse(),1,3,3,2,0.875,0,388,0,0.992021277,0,388,0,1,0,388,0,0.058544081,0.931034483,3.235602094,10,0,0,2.57,21,0,13.90147783,37,0,1,0,0.0625,0.0625,0.625,0.032258065,0.125,7.809160305,0,8.8,0.1,59.6,0,4.366666667,2.3,0.21875,2.375,1.8,10.63333333,18,16,3,88,7,18,319,29,4.833892274,2464.827438,32,32,32,32,32,1,30,32,32,1,32,32,32,32,32,31,0,0,87.9375,30.82022472,88,31,87.84375,30.86516854,88,30.87640449,0,0,87.90625,30.87640449,0,0.508389262,0.008948546,0.008389262,0.168903803,0,0.137583893,,,,,,,0.01760176,0.01650165,0.332233223,0,0.270627063,0.9375,18.875,0,15.375,20.13333333,0,16.4,0,0.814569536,,43,288,1,0,22,0,,0,0,0,0,0,0
84,k-9,1-K9,com.fsck.k9.mail.store.imap.ImapResponseParserTest.testFetchResponse(),4,2,6,2,0.875,0,388,0,0.992021277,0,388,0,1,0,388,0,0.058544081,0.931034483,3.235602094,10,0,0,2.57,21,0,13.90147783,37,0,1,0,0.0625,0.0625,0.625,0.032258065,0.125,7.809160305,0,8.8,0.1,59.6,0,4.366666667,2.3,0.21875,2.375,1.8,10.63333333,18,16,3,88,7,18,319,29,4.833892274,2464.827438,32,32,32,32,32,1,30,32,32,1,32,32,32,32,32,31,0,0,87.9375,30.82022472,88,31,87.84375,30.86516854,88,30.87640449,0,0,87.90625,30.87640449,0,0.508389262,0.008948546,0.008389262,0.168903803,0,0.137583893,,,,,,,0.01760176,0.01650165,0.332233223,0,0.270627063,0.9375,18.875,0,15.375,20.13333333,0,16.4,0,0.814569536,,43,288,1,0,22,1,20,2,0.640471513,1,0,0,1
14,k-9,2-K9,"com.fsck.k9.mail.store.RemoteStore.getInstance(android.content.Context,com.fsck.k9.mail.store.StoreConfig)",4,3,3,4,0.175675676,0,162,0.005531468,0.175675676,0,2614.4,0.124685269,0.175675676,0,5169,0.184262169,0.567715168,0.71969697,5.59,10,0.25,1,3.711956522,18,100,5.727272727,47,0.390990059,0.177122977,0.793492048,0.205882353,0.138888889,0.117647059,0.09375,0.088235294,8.096385542,0.24137931,12.13793103,0.862068966,45.68965517,0.034482759,2.862068966,0.172413793,0.058823529,0.970588235,0.344827586,14.96551724,27,24,4,118,12,2,452,10,4.320445806,1122.203063,36,34,34,36,34,34,34,33,36,34,28,1,34,34,34,34,118,35,118,34.84033613,118,34.83193277,0,0,118,34.81512605,0,0,117.9166667,34.81512605,0.041937816,0.417208966,0.066522054,0,0.095444685,0,0.076644975,9.948275862,1.586206897,0,2.275862069,0,1.827586207,0.159445407,0,0.228769497,0,0.183708839,0,1.434782609,0,1.152173913,,,,0,0.803030303,,8,11,2.666666667,2,17,1,145,3,0.715127701,1,1,0,0
29,k-9,2-K9,"com.fsck.k9.mail.store.RemoteStore.getInstance(android.content.Context,com.fsck.k9.mail.store.StoreConfig)",1,4,2,4,0.175675676,0,162,0.005531468,0.175675676,0,2614.4,0.124685269,0.175675676,0,5169,0.184262169,0.567715168,0.71969697,5.59,10,0.25,1,3.711956522,18,100,5.727272727,47,0.390990059,0.177122977,0.793492048,0.205882353,0.138888889,0.117647059,0.09375,0.088235294,8.096385542,0.24137931,12.13793103,0.862068966,45.68965517,0.034482759,2.862068966,0.172413793,0.058823529,0.970588235,0.344827586,14.96551724,27,24,4,118,12,2,452,10,4.320445806,1122.203063,36,34,34,36,34,34,34,33,36,34,28,1,34,34,34,34,118,35,118,34.84033613,118,34.83193277,0,0,118,34.81512605,0,0,117.9166667,34.81512605,0.041937816,0.417208966,0.066522054,0,0.095444685,0,0.076644975,9.948275862,1.586206897,0,2.275862069,0,1.827586207,0.159445407,0,0.228769497,0,0.183708839,0,1.434782609,0,1.152173913,,,,0,0.803030303,,8,11,2.666666667,2,17,1,115,2,0.516044532,1,0,0,1
31,k-9,2-K9,"com.fsck.k9.mail.store.RemoteStore.getInstance(android.content.Context,com.fsck.k9.mail.store.StoreConfig)",1,3,2,4,0.175675676,0,162,0.005531468,0.175675676,0,2614.4,0.124685269,0.175675676,0,5169,0.184262169,0.567715168,0.71969697,5.59,10,0.25,1,3.711956522,18,100,5.727272727,47,0.390990059,0.177122977,0.793492048,0.205882353,0.138888889,0.117647059,0.09375,0.088235294,8.096385542,0.24137931,12.13793103,0.862068966,45.68965517,0.034482759,2.862068966,0.172413793,0.058823529,0.970588235,0.344827586,14.96551724,27,24,4,118,12,2,452,10,4.320445806,1122.203063,36,34,34,36,34,34,34,33,36,34,28,1,34,34,34,34,118,35,118,34.84033613,118,34.83193277,0,0,118,34.81512605,0,0,117.9166667,34.81512605,0.041937816,0.417208966,0.066522054,0,0.095444685,0,0.076644975,9.948275862,1.586206897,0,2.275862069,0,1.827586207,0.159445407,0,0.228769497,0,0.183708839,0,1.434782609,0,1.152173913,,,,0,0.803030303,,8,11,2.666666667,2,17,1,85,1,0.277668631,0,0,1,1
42,k-9,2-K9,"com.fsck.k9.mail.store.RemoteStore.getInstance(android.content.Context,com.fsck.k9.mail.store.StoreConfig)",1,3,2,4,0.175675676,0,162,0.005531468,0.175675676,0,2614.4,0.124685269,0.175675676,0,5169,0.184262169,0.567715168,0.71969697,5.59,10,0.25,1,3.711956522,18,100,5.727272727,47,0.390990059,0.177122977,0.793492048,0.205882353,0.138888889,0.117647059,0.09375,0.088235294,8.096385542,0.24137931,12.13793103,0.862068966,45.68965517,0.034482759,2.862068966,0.172413793,0.058823529,0.970588235,0.344827586,14.96551724,27,24,4,118,12,2,452,10,4.320445806,1122.203063,36,34,34,36,34,34,34,33,36,34,28,1,34,34,34,34,118,35,118,34.84033613,118,34.83193277,0,0,118,34.81512605,0,0,117.9166667,34.81512605,0.041937816,0.417208966,0.066522054,0,0.095444685,0,0.076644975,9.948275862,1.586206897,0,2.275862069,0,1.827586207,0.159445407,0,0.228769497,0,0.183708839,0,1.434782609,0,1.152173913,,,,0,0.803030303,,8,11,2.666666667,2,17,1,102,1,0.266535691,0,0,1,1
40,k-9,2-K9,"com.fsck.k9.mail.store.RemoteStore.getInstance(android.content.Context,com.fsck.k9.mail.store.StoreConfig)",1,2,1,4,0.175675676,0,162,0.005531468,0.175675676,0,2614.4,0.124685269,0.175675676,0,5169,0.184262169,0.567715168,0.71969697,5.59,10,0.25,1,3.711956522,18,100,5.727272727,47,0.390990059,0.177122977,0.793492048,0.205882353,0.138888889,0.117647059,0.09375,0.088235294,8.096385542,0.24137931,12.13793103,0.862068966,45.68965517,0.034482759,2.862068966,0.172413793,0.058823529,0.970588235,0.344827586,14.96551724,27,24,4,118,12,2,452,10,4.320445806,1122.203063,36,34,34,36,34,34,34,33,36,34,28,1,34,34,34,34,118,35,118,34.84033613,118,34.83193277,0,0,118,34.81512605,0,0,117.9166667,34.81512605,0.041937816,0.417208966,0.066522054,0,0.095444685,0,0.076644975,9.948275862,1.586206897,0,2.275862069,0,1.827586207,0.159445407,0,0.228769497,0,0.183708839,0,1.434782609,0,1.152173913,,,,0,0.803030303,,8,11,2.666666667,2,17,0,,0,0,0,0,0,0
48,k-9,2-K9,"com.fsck.k9.mail.store.RemoteStore.getInstance(android.content.Context,com.fsck.k9.mail.store.StoreConfig)",3,6,1,4,0.175675676,0,162,0.005531468,0.175675676,0,2614.4,0.124685269,0.175675676,0,5169,0.184262169,0.567715168,0.71969697,5.59,10,0.25,1,3.711956522,18,100,5.727272727,47,0.390990059,0.177122977,0.793492048,0.205882353,0.138888889,0.117647059,0.09375,0.088235294,8.096385542,0.24137931,12.13793103,0.862068966,45.68965517,0.034482759,2.862068966,0.172413793,0.058823529,0.970588235,0.344827586,14.96551724,27,24,4,118,12,2,452,10,4.320445806,1122.203063,36,34,34,36,34,34,34,33,36,34,28,1,34,34,34,34,118,35,118,34.84033613,118,34.83193277,0,0,118,34.81512605,0,0,117.9166667,34.81512605,0.041937816,0.417208966,0.066522054,0,0.095444685,0,0.076644975,9.948275862,1.586206897,0,2.275862069,0,1.827586207,0.159445407,0,0.228769497,0,0.183708839,0,1.434782609,0,1.152173913,,,,0,0.803030303,,8,11,2.666666667,2,17,1,41,1,0.306483301,0,0,1,1
58,k-9,2-K9,"com.fsck.k9.mail.store.RemoteStore.getInstance(android.content.Context,com.fsck.k9.mail.store.StoreConfig)",2,4,2,4,0.175675676,0,162,0.005531468,0.175675676,0,2614.4,0.124685269,0.175675676,0,5169,0.184262169,0.567715168,0.71969697,5.59,10,0.25,1,3.711956522,18,100,5.727272727,47,0.390990059,0.177122977,0.793492048,0.205882353,0.138888889,0.117647059,0.09375,0.088235294,8.096385542,0.24137931,12.13793103,0.862068966,45.68965517,0.034482759,2.862068966,0.172413793,0.058823529,0.970588235,0.344827586,14.96551724,27,24,4,118,12,2,452,10,4.320445806,1122.203063,36,34,34,36,34,34,34,33,36,34,28,1,34,34,34,34,118,35,118,34.84033613,118,34.83193277,0,0,118,34.81512605,0,0,117.9166667,34.81512605,0.041937816,0.417208966,0.066522054,0,0.095444685,0,0.076644975,9.948275862,1.586206897,0,2.275862069,0,1.827586207,0.159445407,0,0.228769497,0,0.183708839,0,1.434782609,0,1.152173913,,,,0,0.803030303,,8,11,2.666666667,2,17,1,42,0,0,0,0,1,1
58,k-9,2-K9,"com.fsck.k9.mail.store.RemoteStore.getInstance(android.content.Context,com.fsck.k9.mail.store.StoreConfig)",2,4,2,4,0.175675676,0,162,0.005531468,0.175675676,0,2614.4,0.124685269,0.175675676,0,5169,0.184262169,0.567715168,0.71969697,5.59,10,0.25,1,3.711956522,18,100,5.727272727,47,0.390990059,0.177122977,0.793492048,0.205882353,0.138888889,0.117647059,0.09375,0.088235294,8.096385542,0.24137931,12.13793103,0.862068966,45.68965517,0.034482759,2.862068966,0.172413793,0.058823529,0.970588235,0.344827586,14.96551724,27,24,4,118,12,2,452,10,4.320445806,1122.203063,36,34,34,36,34,34,34,33,36,34,28,1,34,34,34,34,118,35,118,34.84033613,118,34.83193277,0,0,118,34.81512605,0,0,117.9166667,34.81512605,0.041937816,0.417208966,0.066522054,0,0.095444685,0,0.076644975,9.948275862,1.586206897,0,2.275862069,0,1.827586207,0.159445407,0,0.228769497,0,0.183708839,0,1.434782609,0,1.152173913,,,,0,0.803030303,,8,11,2.666666667,2,17,1,42,0,0,0,0,1,1
84,k-9,2-K9,"com.fsck.k9.mail.store.RemoteStore.getInstance(android.content.Context,com.fsck.k9.mail.store.StoreConfig)",4,2,6,4,0.175675676,0,162,0.005531468,0.175675676,0,2614.4,0.124685269,0.175675676,0,5169,0.184262169,0.567715168,0.71969697,5.59,10,0.25,1,3.711956522,18,100,5.727272727,47,0.390990059,0.177122977,0.793492048,0.205882353,0.138888889,0.117647059,0.09375,0.088235294,8.096385542,0.24137931,12.13793103,0.862068966,45.68965517,0.034482759,2.862068966,0.172413793,0.058823529,0.970588235,0.344827586,14.96551724,27,24,4,118,12,2,452,10,4.320445806,1122.203063,36,34,34,36,34,34,34,33,36,34,28,1,34,34,34,34,118,35,118,34.84033613,118,34.83193277,0,0,118,34.81512605,0,0,117.9166667,34.81512605,0.041937816,0.417208966,0.066522054,0,0.095444685,0,0.076644975,9.948275862,1.586206897,0,2.275862069,0,1.827586207,0.159445407,0,0.228769497,0,0.183708839,0,1.434782609,0,1.152173913,,,,0,0.803030303,,8,11,2.666666667,2,17,1,18,3,0.964636542,1,1,0,0
14,k-9,3-K9,com.fsck.k9.mail.transport.SmtpTransportTest.open_withXoauth2Extension_shouldThrowOnMultipleFailure(),4,3,3,3,0.5,0,388,0,0.754123264,0,388,0,1,0,388,0,0.577517688,0.635294118,5.525862069,10,0.017647059,3,3.311111111,18,100,4.623529412,37,0.299252801,1,0.299252801,0.142857143,0.064516129,0.071428571,0.037037037,0,8.725490196,0,8.153846154,0.230769231,55.80769231,0,3.923076923,1.615384615,0.178571429,0.964285714,1.346153846,11.92307692,53,16,3,157,11,15,313,17,5.129361476,1054.581348,31,28,28,31,1,1,1,28,31,1,28,28,28,1,28,26,0,0,126,29.8976378,125.8709677,29.84251969,0,0,126,29.99212598,0,0,125.9032258,29.92913386,0,0.352870813,0.016148325,0,0.408492823,0,0.062799043,,,,,,,0.045762712,0,1.157627119,0,0.177966102,0,25.2962963,0,3.888888889,,,,0,0.153733529,,70,192,2,0,22,1,99,2,0.537000655,1,0,0,1
29,k-9,3-K9,com.fsck.k9.mail.transport.SmtpTransportTest.open_withXoauth2Extension_shouldThrowOnMultipleFailure(),1,4,2,3,0.5,0,388,0,0.754123264,0,388,0,1,0,388,0,0.577517688,0.635294118,5.525862069,10,0.017647059,3,3.311111111,18,100,4.623529412,37,0.299252801,1,0.299252801,0.142857143,0.064516129,0.071428571,0.037037037,0,8.725490196,0,8.153846154,0.230769231,55.80769231,0,3.923076923,1.615384615,0.178571429,0.964285714,1.346153846,11.92307692,53,16,3,157,11,15,313,17,5.129361476,1054.581348,31,28,28,31,1,1,1,28,31,1,28,28,28,1,28,26,0,0,126,29.8976378,125.8709677,29.84251969,0,0,126,29.99212598,0,0,125.9032258,29.92913386,0,0.352870813,0.016148325,0,0.408492823,0,0.062799043,,,,,,,0.045762712,0,1.157627119,0,0.177966102,0,25.2962963,0,3.888888889,,,,0,0.153733529,,70,192,2,0,22,1,80,0,0,0,0,1,1
31,k-9,3-K9,com.fsck.k9.mail.transport.SmtpTransportTest.open_withXoauth2Extension_shouldThrowOnMultipleFailure(),1,3,2,3,0.5,0,388,0,0.754123264,0,388,0,1,0,388,0,0.577517688,0.635294118,5.525862069,10,0.017647059,3,3.311111111,18,100,4.623529412,37,0.299252801,1,0.299252801,0.142857143,0.064516129,0.071428571,0.037037037,0,8.725490196,0,8.153846154,0.230769231,55.80769231,0,3.923076923,1.615384615,0.178571429,0.964285714,1.346153846,11.92307692,53,16,3,157,11,15,313,17,5.129361476,1054.581348,31,28,28,31,1,1,1,28,31,1,28,28,28,1,28,26,0,0,126,29.8976378,125.8709677,29.84251969,0,0,126,29.99212598,0,0,125.9032258,29.92913386,0,0.352870813,0.016148325,0,0.408492823,0,0.062799043,,,,,,,0.045762712,0,1.157627119,0,0.177966102,0,25.2962963,0,3.888888889,,,,0,0.153733529,,70,192,2,0,22,0,,0,0,0,0,0,0
42,k-9,3-K9,com.fsck.k9.mail.transport.SmtpTransportTest.open_withXoauth2Extension_shouldThrowOnMultipleFailure(),1,3,2,3,0.5,0,388,0,0.754123264,0,388,0,1,0,388,0,0.577517688,0.635294118,5.525862069,10,0.017647059,3,3.311111111,18,100,4.623529412,37,0.299252801,1,0.299252801,0.142857143,0.064516129,0.071428571,0.037037037,0,8.725490196,0,8.153846154,0.230769231,55.80769231,0,3.923076923,1.615384615,0.178571429,0.964285714,1.346153846,11.92307692,53,16,3,157,11,15,313,17,5.129361476,1054.581348,31,28,28,31,1,1,1,28,31,1,28,28,28,1,28,26,0,0,126,29.8976378,125.8709677,29.84251969,0,0,126,29.99212598,0,0,125.9032258,29.92913386,0,0.352870813,0.016148325,0,0.408492823,0,0.062799043,,,,,,,0.045762712,0,1.157627119,0,0.177966102,0,25.2962963,0,3.888888889,,,,0,0.153733529,,70,192,2,0,22,0,,0,0,0,0,0,0
40,k-9,3-K9,com.fsck.k9.mail.transport.SmtpTransportTest.open_withXoauth2Extension_shouldThrowOnMultipleFailure(),1,2,1,3,0.5,0,388,0,0.754123264,0,388,0,1,0,388,0,0.577517688,0.635294118,5.525862069,10,0.017647059,3,3.311111111,18,100,4.623529412,37,0.299252801,1,0.299252801,0.142857143,0.064516129,0.071428571,0.037037037,0,8.725490196,0,8.153846154,0.230769231,55.80769231,0,3.923076923,1.615384615,0.178571429,0.964285714,1.346153846,11.92307692,53,16,3,157,11,15,313,17,5.129361476,1054.581348,31,28,28,31,1,1,1,28,31,1,28,28,28,1,28,26,0,0,126,29.8976378,125.8709677,29.84251969,0,0,126,29.99212598,0,0,125.9032258,29.92913386,0,0.352870813,0.016148325,0,0.408492823,0,0.062799043,,,,,,,0.045762712,0,1.157627119,0,0.177966102,0,25.2962963,0,3.888888889,,,,0,0.153733529,,70,192,2,0,22,0,,0,0,0,0,0,0
48,k-9,3-K9,com.fsck.k9.mail.transport.SmtpTransportTest.open_withXoauth2Extension_shouldThrowOnMultipleFailure(),3,6,1,3,0.5,0,388,0,0.754123264,0,388,0,1,0,388,0,0.577517688,0.635294118,5.525862069,10,0.017647059,3,3.311111111,18,100,4.623529412,37,0.299252801,1,0.299252801,0.142857143,0.064516129,0.071428571,0.037037037,0,8.725490196,0,8.153846154,0.230769231,55.80769231,0,3.923076923,1.615384615,0.178571429,0.964285714,1.346153846,11.92307692,53,16,3,157,11,15,313,17,5.129361476,1054.581348,31,28,28,31,1,1,1,28,31,1,28,28,28,1,28,26,0,0,126,29.8976378,125.8709677,29.84251969,0,0,126,29.99212598,0,0,125.9032258,29.92913386,0,0.352870813,0.016148325,0,0.408492823,0,0.062799043,,,,,,,0.045762712,0,1.157627119,0,0.177966102,0,25.2962963,0,3.888888889,,,,0,0.153733529,,70,192,2,0,22,1,6,3,0.988212181,1,1,0,0
64,k-9,3-K9,com.fsck.k9.mail.transport.SmtpTransportTest.open_withXoauth2Extension_shouldThrowOnMultipleFailure(),4,3,3,3,0.5,0,388,0,0.754123264,0,388,0,1,0,388,0,0.577517688,0.635294118,5.525862069,10,0.017647059,3,3.311111111,18,100,4.623529412,37,0.299252801,1,0.299252801,0.142857143,0.064516129,0.071428571,0.037037037,0,8.725490196,0,8.153846154,0.230769231,55.80769231,0,3.923076923,1.615384615,0.178571429,0.964285714,1.346153846,11.92307692,53,16,3,157,11,15,313,17,5.129361476,1054.581348,31,28,28,31,1,1,1,28,31,1,28,28,28,1,28,26,0,0,126,29.8976378,125.8709677,29.84251969,0,0,126,29.99212598,0,0,125.9032258,29.92913386,0,0.352870813,0.016148325,0,0.408492823,0,0.062799043,,,,,,,0.045762712,0,1.157627119,0,0.177966102,0,25.2962963,0,3.888888889,,,,0,0.153733529,,70,192,2,0,22,1,54,2,0.595939751,1,0,0,1
75,k-9,3-K9,com.fsck.k9.mail.transport.SmtpTransportTest.open_withXoauth2Extension_shouldThrowOnMultipleFailure(),1,3,3,3,0.5,0,388,0,0.754123264,0,388,0,1,0,388,0,0.577517688,0.635294118,5.525862069,10,0.017647059,3,3.311111111,18,100,4.623529412,37,0.299252801,1,0.299252801,0.142857143,0.064516129,0.071428571,0.037037037,0,8.725490196,0,8.153846154,0.230769231,55.80769231,0,3.923076923,1.615384615,0.178571429,0.964285714,1.346153846,11.92307692,53,16,3,157,11,15,313,17,5.129361476,1054.581348,31,28,28,31,1,1,1,28,31,1,28,28,28,1,28,26,0,0,126,29.8976378,125.8709677,29.84251969,0,0,126,29.99212598,0,0,125.9032258,29.92913386,0,0.352870813,0.016148325,0,0.408492823,0,0.062799043,,,,,,,0.045762712,0,1.157627119,0,0.177966102,0,25.2962963,0,3.888888889,,,,0,0.153733529,,70,192,2,0,22,1,60,3,0.882121807,1,1,0,0
13,k-9,4-K9,com.fsck.k9.mailstore.StorageManager.StorageManager(android.content.Context),1,4,1,4,0.5,0.647575,450,0.184262169,0.666666667,0.7752,1876.166667,0.458913899,0.75,1,5169,1,0.693161428,0.947368421,5.803571429,10,2.070175439,7,3.869047619,14,100,5.403508772,47,0.549649414,0.25819889,0.894427191,0.095238095,0.1,0.095238095,0.514285714,0.142857143,9.540540541,0.117647059,11.29411765,0.823529412,41,0.058823529,2.176470588,0,0,0.857142857,0.411764706,12.76470588,23,32,3,95,6,0,459,15,4.294508311,573.2580645,40,21,21,40,21,20,21,21,40,21,21,1,1,21,21,21,95,38.91666667,94.975,38.88541667,94.925,38.72916667,0,0,95,38.59375,0,0,94.95,38.82291667,0.524556617,0.231241473,0.039563438,0,0.012278308,0,0.040245566,0.44083225,0.075422627,0,0.023407022,0,0.076723017,0.171091445,0,0.053097345,0,0.174041298,0,0.310344828,0,1.017241379,,,,0,3.277777778,,39,53,2.5,1,9,1,266,2,0.31827112,1,0,0,1
27,k-9,4-K9,com.fsck.k9.mailstore.StorageManager.StorageManager(android.content.Context),1,5,5,4,0.5,0.647575,450,0.184262169,0.666666667,0.7752,1876.166667,0.458913899,0.75,1,5169,1,0.693161428,0.947368421,5.803571429,10,2.070175439,7,3.869047619,14,100,5.403508772,47,0.549649414,0.25819889,0.894427191,0.095238095,0.1,0.095238095,0.514285714,0.142857143,9.540540541,0.117647059,11.29411765,0.823529412,41,0.058823529,2.176470588,0,0,0.857142857,0.411764706,12.76470588,23,32,3,95,6,0,459,15,4.294508311,573.2580645,40,21,21,40,21,20,21,21,40,21,21,1,1,21,21,21,95,38.91666667,94.975,38.88541667,94.925,38.72916667,0,0,95,38.59375,0,0,94.95,38.82291667,0.524556617,0.231241473,0.039563438,0,0.012278308,0,0.040245566,0.44083225,0.075422627,0,0.023407022,0,0.076723017,0.171091445,0,0.053097345,0,0.174041298,0,0.310344828,0,1.017241379,,,,0,3.277777778,,39,53,2.5,1,9,1,13,2,0.649639817,1,0,0,1
31,k-9,4-K9,com.fsck.k9.mailstore.StorageManager.StorageManager(android.content.Context),1,3,2,4,0.5,0.647575,450,0.184262169,0.666666667,0.7752,1876.166667,0.458913899,0.75,1,5169,1,0.693161428,0.947368421,5.803571429,10,2.070175439,7,3.869047619,14,100,5.403508772,47,0.549649414,0.25819889,0.894427191,0.095238095,0.1,0.095238095,0.514285714,0.142857143,9.540540541,0.117647059,11.29411765,0.823529412,41,0.058823529,2.176470588,0,0,0.857142857,0.411764706,12.76470588,23,32,3,95,6,0,459,15,4.294508311,573.2580645,40,21,21,40,21,20,21,21,40,21,21,1,1,21,21,21,95,38.91666667,94.975,38.88541667,94.925,38.72916667,0,0,95,38.59375,0,0,94.95,38.82291667,0.524556617,0.231241473,0.039563438,0,0.012278308,0,0.040245566,0.44083225,0.075422627,0,0.023407022,0,0.076723017,0.171091445,0,0.053097345,0,0.174041298,0,0.310344828,0,1.017241379,,,,0,3.277777778,,39,53,2.5,1,9,0,,0,0,0,0,0,0
42,k-9,4-K9,com.fsck.k9.mailstore.StorageManager.StorageManager(android.content.Context),1,3,2,4,0.5,0.647575,450,0.184262169,0.666666667,0.7752,1876.166667,0.458913899,0.75,1,5169,1,0.693161428,0.947368421,5.803571429,10,2.070175439,7,3.869047619,14,100,5.403508772,47,0.549649414,0.25819889,0.894427191,0.095238095,0.1,0.095238095,0.514285714,0.142857143,9.540540541,0.117647059,11.29411765,0.823529412,41,0.058823529,2.176470588,0,0,0.857142857,0.411764706,12.76470588,23,32,3,95,6,0,459,15,4.294508311,573.2580645,40,21,21,40,21,20,21,21,40,21,21,1,1,21,21,21,95,38.91666667,94.975,38.88541667,94.925,38.72916667,0,0,95,38.59375,0,0,94.95,38.82291667,0.524556617,0.231241473,0.039563438,0,0.012278308,0,0.040245566,0.44083225,0.075422627,0,0.023407022,0,0.076723017,0.171091445,0,0.053097345,0,0.174041298,0,0.310344828,0,1.017241379,,,,0,3.277777778,,39,53,2.5,1,9,0,,0,0,0,0,0,0
40,k-9,4-K9,com.fsck.k9.mailstore.StorageManager.StorageManager(android.content.Context),1,2,1,4,0.5,0.647575,450,0.184262169,0.666666667,0.7752,1876.166667,0.458913899,0.75,1,5169,1,0.693161428,0.947368421,5.803571429,10,2.070175439,7,3.869047619,14,100,5.403508772,47,0.549649414,0.25819889,0.894427191,0.095238095,0.1,0.095238095,0.514285714,0.142857143,9.540540541,0.117647059,11.29411765,0.823529412,41,0.058823529,2.176470588,0,0,0.857142857,0.411764706,12.76470588,23,32,3,95,6,0,459,15,4.294508311,573.2580645,40,21,21,40,21,20,21,21,40,21,21,1,1,21,21,21,95,38.91666667,94.975,38.88541667,94.925,38.72916667,0,0,95,38.59375,0,0,94.95,38.82291667,0.524556617,0.231241473,0.039563438,0,0.012278308,0,0.040245566,0.44083225,0.075422627,0,0.023407022,0,0.076723017,0.171091445,0,0.053097345,0,0.174041298,0,0.310344828,0,1.017241379,,,,0,3.277777778,,39,53,2.5,1,9,1,7,2,0.657498363,1,0,0,1
49,k-9,4-K9,com.fsck.k9.mailstore.StorageManager.StorageManager(android.content.Context),1,3,1,4,0.5,0.647575,450,0.184262169,0.666666667,0.7752,1876.166667,0.458913899,0.75,1,5169,1,0.693161428,0.947368421,5.803571429,10,2.070175439,7,3.869047619,14,100,5.403508772,47,0.549649414,0.25819889,0.894427191,0.095238095,0.1,0.095238095,0.514285714,0.142857143,9.540540541,0.117647059,11.29411765,0.823529412,41,0.058823529,2.176470588,0,0,0.857142857,0.411764706,12.76470588,23,32,3,95,6,0,459,15,4.294508311,573.2580645,40,21,21,40,21,20,21,21,40,21,21,1,1,21,21,21,95,38.91666667,94.975,38.88541667,94.925,38.72916667,0,0,95,38.59375,0,0,94.95,38.82291667,0.524556617,0.231241473,0.039563438,0,0.012278308,0,0.040245566,0.44083225,0.075422627,0,0.023407022,0,0.076723017,0.171091445,0,0.053097345,0,0.174041298,0,0.310344828,0,1.017241379,,,,0,3.277777778,,39,53,2.5,1,9,1,15,1,0.323510151,0,0,1,1
58,k-9,4-K9,com.fsck.k9.mailstore.StorageManager.StorageManager(android.content.Context),2,4,2,4,0.5,0.647575,450,0.184262169,0.666666667,0.7752,1876.166667,0.458913899,0.75,1,5169,1,0.693161428,0.947368421,5.803571429,10,2.070175439,7,3.869047619,14,100,5.403508772,47,0.549649414,0.25819889,0.894427191,0.095238095,0.1,0.095238095,0.514285714,0.142857143,9.540540541,0.117647059,11.29411765,0.823529412,41,0.058823529,2.176470588,0,0,0.857142857,0.411764706,12.76470588,23,32,3,95,6,0,459,15,4.294508311,573.2580645,40,21,21,40,21,20,21,21,40,21,21,1,1,21,21,21,95,38.91666667,94.975,38.88541667,94.925,38.72916667,0,0,95,38.59375,0,0,94.95,38.82291667,0.524556617,0.231241473,0.039563438,0,0.012278308,0,0.040245566,0.44083225,0.075422627,0,0.023407022,0,0.076723017,0.171091445,0,0.053097345,0,0.174041298,0,0.310344828,0,1.017241379,,,,0,3.277777778,,39,53,2.5,1,9,1,47,2,0.605108055,1,0,0,1
75,k-9,4-K9,com.fsck.k9.mailstore.StorageManager.StorageManager(android.content.Context),1,3,3,4,0.5,0.647575,450,0.184262169,0.666666667,0.7752,1876.166667,0.458913899,0.75,1,5169,1,0.693161428,0.947368421,5.803571429,10,2.070175439,7,3.869047619,14,100,5.403508772,47,0.549649414,0.25819889,0.894427191,0.095238095,0.1,0.095238095,0.514285714,0.142857143,9.540540541,0.117647059,11.29411765,0.823529412,41,0.058823529,2.176470588,0,0,0.857142857,0.411764706,12.76470588,23,32,3,95,6,0,459,15,4.294508311,573.2580645,40,21,21,40,21,20,21,21,40,21,21,1,1,21,21,21,95,38.91666667,94.975,38.88541667,94.925,38.72916667,0,0,95,38.59375,0,0,94.95,38.82291667,0.524556617,0.231241473,0.039563438,0,0.012278308,0,0.040245566,0.44083225,0.075422627,0,0.023407022,0,0.076723017,0.171091445,0,0.053097345,0,0.174041298,0,0.310344828,0,1.017241379,,,,0,3.277777778,,39,53,2.5,1,9,0,,0,0,0,0,0,0
84,k-9,4-K9,com.fsck.k9.mailstore.StorageManager.StorageManager(android.content.Context),4,2,6,4,0.5,0.647575,450,0.184262169,0.666666667,0.7752,1876.166667,0.458913899,0.75,1,5169,1,0.693161428,0.947368421,5.803571429,10,2.070175439,7,3.869047619,14,100,5.403508772,47,0.549649414,0.25819889,0.894427191,0.095238095,0.1,0.095238095,0.514285714,0.142857143,9.540540541,0.117647059,11.29411765,0.823529412,41,0.058823529,2.176470588,0,0,0.857142857,0.411764706,12.76470588,23,32,3,95,6,0,459,15,4.294508311,573.2580645,40,21,21,40,21,20,21,21,40,21,21,1,1,21,21,21,95,38.91666667,94.975,38.88541667,94.925,38.72916667,0,0,95,38.59375,0,0,94.95,38.82291667,0.524556617,0.231241473,0.039563438,0,0.012278308,0,0.040245566,0.44083225,0.075422627,0,0.023407022,0,0.076723017,0.171091445,0,0.053097345,0,0.174041298,0,0.310344828,0,1.017241379,,,,0,3.277777778,,39,53,2.5,1,9,1,15,2,0.647020301,1,0,0,1
13,k-9,5-K9,com.fsck.k9.message.html.HtmlConverterTest.testTextQuoteToHtmlBlockquote(),1,4,1,2,0.840909091,0,1843,0,0.920454545,0.5,1843,0,1,1,1843,0,0.078948036,0.62295082,6.114285714,11,0,0,4.815450644,16,0,4.68852459,24,0,1,0,0.268292683,0,0.073170732,0.023809524,1.268292683,4.25,0,14.24390244,0.170731707,44.56097561,0,4.097560976,0.756097561,0.951219512,0.12195122,0.365853659,17.46341463,29,16,2,140,16,10,716,30,4.213069461,527.2178972,41,41,40,1,41,1,1,41,26,1,39,41,41,41,41,1,0,0,140,39.87943262,140,40,0,0,139.902439,39.82978723,0,0,139.8780488,39.9787234,0,0.067323481,0.005473454,0,0.561029009,0,0.026819923,,,,,,,0.081300813,0,8.333333333,0,0.398373984,0,102.5,0,4.9,,,,0,0.047804878,,29,61,1,0,4,1,123,1,0.252783235,0,0,1,1
29,k-9,5-K9,com.fsck.k9.message.html.HtmlConverterTest.testTextQuoteToHtmlBlockquote(),1,4,2,2,0.840909091,0,1843,0,0.920454545,0.5,1843,0,1,1,1843,0,0.078948036,0.62295082,6.114285714,11,0,0,4.815450644,16,0,4.68852459,24,0,1,0,0.268292683,0,0.073170732,0.023809524,1.268292683,4.25,0,14.24390244,0.170731707,44.56097561,0,4.097560976,0.756097561,0.951219512,0.12195122,0.365853659,17.46341463,29,16,2,140,16,10,716,30,4.213069461,527.2178972,41,41,40,1,41,1,1,41,26,1,39,41,41,41,41,1,0,0,140,39.87943262,140,40,0,0,139.902439,39.82978723,0,0,139.8780488,39.9787234,0,0.067323481,0.005473454,0,0.561029009,0,0.026819923,,,,,,,0.081300813,0,8.333333333,0,0.398373984,0,102.5,0,4.9,,,,0,0.047804878,,29,61,1,0,4,1,104,3,0.7956778,1,1,0,0
31,k-9,5-K9,com.fsck.k9.message.html.HtmlConverterTest.testTextQuoteToHtmlBlockquote(),1,3,2,2,0.840909091,0,1843,0,0.920454545,0.5,1843,0,1,1,1843,0,0.078948036,0.62295082,6.114285714,11,0,0,4.815450644,16,0,4.68852459,24,0,1,0,0.268292683,0,0.073170732,0.023809524,1.268292683,4.25,0,14.24390244,0.170731707,44.56097561,0,4.097560976,0.756097561,0.951219512,0.12195122,0.365853659,17.46341463,29,16,2,140,16,10,716,30,4.213069461,527.2178972,41,41,40,1,41,1,1,41,26,1,39,41,41,41,41,1,0,0,140,39.87943262,140,40,0,0,139.902439,39.82978723,0,0,139.8780488,39.9787234,0,0.067323481,0.005473454,0,0.561029009,0,0.026819923,,,,,,,0.081300813,0,8.333333333,0,0.398373984,0,102.5,0,4.9,,,,0,0.047804878,,29,61,1,0,4,0,,0,0,0,0,0,0
42,k-9,5-K9,com.fsck.k9.message.html.HtmlConverterTest.testTextQuoteToHtmlBlockquote(),1,3,2,2,0.840909091,0,1843,0,0.920454545,0.5,1843,0,1,1,1843,0,0.078948036,0.62295082,6.114285714,11,0,0,4.815450644,16,0,4.68852459,24,0,1,0,0.268292683,0,0.073170732,0.023809524,1.268292683,4.25,0,14.24390244,0.170731707,44.56097561,0,4.097560976,0.756097561,0.951219512,0.12195122,0.365853659,17.46341463,29,16,2,140,16,10,716,30,4.213069461,527.2178972,41,41,40,1,41,1,1,41,26,1,39,41,41,41,41,1,0,0,140,39.87943262,140,40,0,0,139.902439,39.82978723,0,0,139.8780488,39.9787234,0,0.067323481,0.005473454,0,0.561029009,0,0.026819923,,,,,,,0.081300813,0,8.333333333,0,0.398373984,0,102.5,0,4.9,,,,0,0.047804878,,29,61,1,0,4,1,88,3,0.827111984,1,1,0,0
40,k-9,5-K9,com.fsck.k9.message.html.HtmlConverterTest.testTextQuoteToHtmlBlockquote(),1,2,1,2,0.840909091,0,1843,0,0.920454545,0.5,1843,0,1,1,1843,0,0.078948036,0.62295082,6.114285714,11,0,0,4.815450644,16,0,4.68852459,24,0,1,0,0.268292683,0,0.073170732,0.023809524,1.268292683,4.25,0,14.24390244,0.170731707,44.56097561,0,4.097560976,0.756097561,0.951219512,0.12195122,0.365853659,17.46341463,29,16,2,140,16,10,716,30,4.213069461,527.2178972,41,41,40,1,41,1,1,41,26,1,39,41,41,41,41,1,0,0,140,39.87943262,140,40,0,0,139.902439,39.82978723,0,0,139.8780488,39.9787234,0,0.067323481,0.005473454,0,0.561029009,0,0.026819923,,,,,,,0.081300813,0,8.333333333,0,0.398373984,0,102.5,0,4.9,,,,0,0.047804878,,29,61,1,0,4,0,,0,0,0,0,0,0
49,k-9,5-K9,com.fsck.k9.message.html.HtmlConverterTest.testTextQuoteToHtmlBlockquote(),1,3,1,2,0.840909091,0,1843,0,0.920454545,0.5,1843,0,1,1,1843,0,0.078948036,0.62295082,6.114285714,11,0,0,4.815450644,16,0,4.68852459,24,0,1,0,0.268292683,0,0.073170732,0.023809524,1.268292683,4.25,0,14.24390244,0.170731707,44.56097561,0,4.097560976,0.756097561,0.951219512,0.12195122,0.365853659,17.46341463,29,16,2,140,16,10,716,30,4.213069461,527.2178972,41,41,40,1,41,1,1,41,26,1,39,41,41,41,41,1,0,0,140,39.87943262,140,40,0,0,139.902439,39.82978723,0,0,139.8780488,39.9787234,0,0.067323481,0.005473454,0,0.561029009,0,0.026819923,,,,,,,0.081300813,0,8.333333333,0,0.398373984,0,102.5,0,4.9,,,,0,0.047804878,,29,61,1,0,4,1,18,3,0.964636542,1,1,0,0
58,k-9,5-K9,com.fsck.k9.message.html.HtmlConverterTest.testTextQuoteToHtmlBlockquote(),2,4,2,2,0.840909091,0,1843,0,0.920454545,0.5,1843,0,1,1,1843,0,0.078948036,0.62295082,6.114285714,11,0,0,4.815450644,16,0,4.68852459,24,0,1,0,0.268292683,0,0.073170732,0.023809524,1.268292683,4.25,0,14.24390244,0.170731707,44.56097561,0,4.097560976,0.756097561,0.951219512,0.12195122,0.365853659,17.46341463,29,16,2,140,16,10,716,30,4.213069461,527.2178972,41,41,40,1,41,1,1,41,26,1,39,41,41,41,41,1,0,0,140,39.87943262,140,40,0,0,139.902439,39.82978723,0,0,139.8780488,39.9787234,0,0.067323481,0.005473454,0,0.561029009,0,0.026819923,,,,,,,0.081300813,0,8.333333333,0,0.398373984,0,102.5,0,4.9,,,,0,0.047804878,,29,61,1,0,4,1,39,2,0.615586117,1,0,0,1
75,k-9,5-K9,com.fsck.k9.message.html.HtmlConverterTest.testTextQuoteToHtmlBlockquote(),1,3,3,2,0.840909091,0,1843,0,0.920454545,0.5,1843,0,1,1,1843,0,0.078948036,0.62295082,6.114285714,11,0,0,4.815450644,16,0,4.68852459,24,0,1,0,0.268292683,0,0.073170732,0.023809524,1.268292683,4.25,0,14.24390244,0.170731707,44.56097561,0,4.097560976,0.756097561,0.951219512,0.12195122,0.365853659,17.46341463,29,16,2,140,16,10,716,30,4.213069461,527.2178972,41,41,40,1,41,1,1,41,26,1,39,41,41,41,41,1,0,0,140,39.87943262,140,40,0,0,139.902439,39.82978723,0,0,139.8780488,39.9787234,0,0.067323481,0.005473454,0,0.561029009,0,0.026819923,,,,,,,0.081300813,0,8.333333333,0,0.398373984,0,102.5,0,4.9,,,,0,0.047804878,,29,61,1,0,4,1,80,2,0.561886051,1,0,0,1
84,k-9,5-K9,com.fsck.k9.message.html.HtmlConverterTest.testTextQuoteToHtmlBlockquote(),4,2,6,2,0.840909091,0,1843,0,0.920454545,0.5,1843,0,1,1,1843,0,0.078948036,0.62295082,6.114285714,11,0,0,4.815450644,16,0,4.68852459,24,0,1,0,0.268292683,0,0.073170732,0.023809524,1.268292683,4.25,0,14.24390244,0.170731707,44.56097561,0,4.097560976,0.756097561,0.951219512,0.12195122,0.365853659,17.46341463,29,16,2,140,16,10,716,30,4.213069461,527.2178972,41,41,40,1,41,1,1,41,26,1,39,41,41,41,41,1,0,0,140,39.87943262,140,40,0,0,139.902439,39.82978723,0,0,139.8780488,39.9787234,0,0.067323481,0.005473454,0,0.561029009,0,0.026819923,,,,,,,0.081300813,0,8.333333333,0,0.398373984,0,102.5,0,4.9,,,,0,0.047804878,,29,61,1,0,4,1,11,2,0.652259332,1,0,0,1
11,pom,1-Pom,"hudson.model.HealthReport.HealthReport(int,java.lang.String,org.jvnet.localizer.Localizable)",1,8,3,3,0.885668277,0.5,0,3.42E-05,0.885668277,0.5,921.5,3.42E-05,0.885668277,0.5,1843,3.42E-05,0.448144674,0.814814815,6.409090909,10,2.530864198,7,3.480263158,20,100,6.12345679,45,0.735036212,0.48507125,1,0.65625,0,0.0625,0.304347826,0.28125,9.318181818,0.28125,10.25,1.03125,34.3125,0,1.375,0.8125,0,0.75,0.40625,12.96875,25,16,2,77,6,4,730,14,4.351599063,965.6186625,45,31,32,45,32,32,1,31,45,1,31,32,1,32,19,1,113.3555556,44,116,43.93162393,115.7777778,43.65811966,114.2222222,43.82051282,0,0,0,0,115.4888889,43.92307692,0.464912281,0.216374269,0.056042885,0.007797271,0,0,0.052631579,0.465408805,0.120545073,0.016771488,0,0,0.113207547,0.259009009,0.036036036,0,0,0.243243243,0.139130435,0,0,0.939130435,0,0,6.75,,,,32,48,2.454545455,3,23,1,102,2,0.533071382,1,0,0,1
22,pom,1-Pom,"hudson.model.HealthReport.HealthReport(int,java.lang.String,org.jvnet.localizer.Localizable)",1,2,1,3,0.885668277,0.5,0,3.42E-05,0.885668277,0.5,921.5,3.42E-05,0.885668277,0.5,1843,3.42E-05,0.448144674,0.814814815,6.409090909,10,2.530864198,7,3.480263158,20,100,6.12345679,45,0.735036212,0.48507125,1,0.65625,0,0.0625,0.304347826,0.28125,9.318181818,0.28125,10.25,1.03125,34.3125,0,1.375,0.8125,0,0.75,0.40625,12.96875,25,16,2,77,6,4,730,14,4.351599063,965.6186625,45,31,32,45,32,32,1,31,45,1,31,32,1,32,19,1,113.3555556,44,116,43.93162393,115.7777778,43.65811966,114.2222222,43.82051282,0,0,0,0,115.4888889,43.92307692,0.464912281,0.216374269,0.056042885,0.007797271,0,0,0.052631579,0.465408805,0.120545073,0.016771488,0,0,0.113207547,0.259009009,0.036036036,0,0,0.243243243,0.139130435,0,0,0.939130435,0,0,6.75,,,,32,48,2.454545455,3,23,1,17,1,0.322200393,0,0,1,1
32,pom,1-Pom,"hudson.model.HealthReport.HealthReport(int,java.lang.String,org.jvnet.localizer.Localizable)",1,6,1,3,0.885668277,0.5,0,3.42E-05,0.885668277,0.5,921.5,3.42E-05,0.885668277,0.5,1843,3.42E-05,0.448144674,0.814814815,6.409090909,10,2.530864198,7,3.480263158,20,100,6.12345679,45,0.735036212,0.48507125,1,0.65625,0,0.0625,0.304347826,0.28125,9.318181818,0.28125,10.25,1.03125,34.3125,0,1.375,0.8125,0,0.75,0.40625,12.96875,25,16,2,77,6,4,730,14,4.351599063,965.6186625,45,31,32,45,32,32,1,31,45,1,31,32,1,32,19,1,113.3555556,44,116,43.93162393,115.7777778,43.65811966,114.2222222,43.82051282,0,0,0,0,115.4888889,43.92307692,0.464912281,0.216374269,0.056042885,0.007797271,0,0,0.052631579,0.465408805,0.120545073,0.016771488,0,0,0.113207547,0.259009009,0.036036036,0,0,0.243243243,0.139130435,0,0,0.939130435,0,0,6.75,,,,32,48,2.454545455,3,23,1,47,2,0.605108055,1,0,0,1
38,pom,1-Pom,"hudson.model.HealthReport.HealthReport(int,java.lang.String,org.jvnet.localizer.Localizable)",1,3,2,3,0.885668277,0.5,0,3.42E-05,0.885668277,0.5,921.5,3.42E-05,0.885668277,0.5,1843,3.42E-05,0.448144674,0.814814815,6.409090909,10,2.530864198,7,3.480263158,20,100,6.12345679,45,0.735036212,0.48507125,1,0.65625,0,0.0625,0.304347826,0.28125,9.318181818,0.28125,10.25,1.03125,34.3125,0,1.375,0.8125,0,0.75,0.40625,12.96875,25,16,2,77,6,4,730,14,4.351599063,965.6186625,45,31,32,45,32,32,1,31,45,1,31,32,1,32,19,1,113.3555556,44,116,43.93162393,115.7777778,43.65811966,114.2222222,43.82051282,0,0,0,0,115.4888889,43.92307692,0.464912281,0.216374269,0.056042885,0.007797271,0,0,0.052631579,0.465408805,0.120545073,0.016771488,0,0,0.113207547,0.259009009,0.036036036,0,0,0.243243243,0.139130435,0,0,0.939130435,0,0,6.75,,,,32,48,2.454545455,3,23,1,27,1,0.315651604,0,0,1,1
43,pom,1-Pom,"hudson.model.HealthReport.HealthReport(int,java.lang.String,org.jvnet.localizer.Localizable)",1,3,1,3,0.885668277,0.5,0,3.42E-05,0.885668277,0.5,921.5,3.42E-05,0.885668277,0.5,1843,3.42E-05,0.448144674,0.814814815,6.409090909,10,2.530864198,7,3.480263158,20,100,6.12345679,45,0.735036212,0.48507125,1,0.65625,0,0.0625,0.304347826,0.28125,9.318181818,0.28125,10.25,1.03125,34.3125,0,1.375,0.8125,0,0.75,0.40625,12.96875,25,16,2,77,6,4,730,14,4.351599063,965.6186625,45,31,32,45,32,32,1,31,45,1,31,32,1,32,19,1,113.3555556,44,116,43.93162393,115.7777778,43.65811966,114.2222222,43.82051282,0,0,0,0,115.4888889,43.92307692,0.464912281,0.216374269,0.056042885,0.007797271,0,0,0.052631579,0.465408805,0.120545073,0.016771488,0,0,0.113207547,0.259009009,0.036036036,0,0,0.243243243,0.139130435,0,0,0.939130435,0,0,6.75,,,,32,48,2.454545455,3,23,1,304,1,0.134250164,0,0,1,1
21,pom,1-Pom,"hudson.model.HealthReport.HealthReport(int,java.lang.String,org.jvnet.localizer.Localizable)",2,5,4,3,0.885668277,0.5,0,3.42E-05,0.885668277,0.5,921.5,3.42E-05,0.885668277,0.5,1843,3.42E-05,0.448144674,0.814814815,6.409090909,10,2.530864198,7,3.480263158,20,100,6.12345679,45,0.735036212,0.48507125,1,0.65625,0,0.0625,0.304347826,0.28125,9.318181818,0.28125,10.25,1.03125,34.3125,0,1.375,0.8125,0,0.75,0.40625,12.96875,25,16,2,77,6,4,730,14,4.351599063,965.6186625,45,31,32,45,32,32,1,31,45,1,31,32,1,32,19,1,113.3555556,44,116,43.93162393,115.7777778,43.65811966,114.2222222,43.82051282,0,0,0,0,115.4888889,43.92307692,0.464912281,0.216374269,0.056042885,0.007797271,0,0,0.052631579,0.465408805,0.120545073,0.016771488,0,0,0.113207547,0.259009009,0.036036036,0,0,0.243243243,0.139130435,0,0,0.939130435,0,0,6.75,,,,32,48,2.454545455,3,23,1,146,1,0.237721022,0,0,1,1
47,pom,1-Pom,"hudson.model.HealthReport.HealthReport(int,java.lang.String,org.jvnet.localizer.Localizable)",1,4,3,3,0.885668277,0.5,0,3.42E-05,0.885668277,0.5,921.5,3.42E-05,0.885668277,0.5,1843,3.42E-05,0.448144674,0.814814815,6.409090909,10,2.530864198,7,3.480263158,20,100,6.12345679,45,0.735036212,0.48507125,1,0.65625,0,0.0625,0.304347826,0.28125,9.318181818,0.28125,10.25,1.03125,34.3125,0,1.375,0.8125,0,0.75,0.40625,12.96875,25,16,2,77,6,4,730,14,4.351599063,965.6186625,45,31,32,45,32,32,1,31,45,1,31,32,1,32,19,1,113.3555556,44,116,43.93162393,115.7777778,43.65811966,114.2222222,43.82051282,0,0,0,0,115.4888889,43.92307692,0.464912281,0.216374269,0.056042885,0.007797271,0,0,0.052631579,0.465408805,0.120545073,0.016771488,0,0,0.113207547,0.259009009,0.036036036,0,0,0.243243243,0.139130435,0,0,0.939130435,0,0,6.75,,,,32,48,2.454545455,3,23,0,,0,0,0,0,0,0
67,pom,1-Pom,"hudson.model.HealthReport.HealthReport(int,java.lang.String,org.jvnet.localizer.Localizable)",4,8,5,3,0.885668277,0.5,0,3.42E-05,0.885668277,0.5,921.5,3.42E-05,0.885668277,0.5,1843,3.42E-05,0.448144674,0.814814815,6.409090909,10,2.530864198,7,3.480263158,20,100,6.12345679,45,0.735036212,0.48507125,1,0.65625,0,0.0625,0.304347826,0.28125,9.318181818,0.28125,10.25,1.03125,34.3125,0,1.375,0.8125,0,0.75,0.40625,12.96875,25,16,2,77,6,4,730,14,4.351599063,965.6186625,45,31,32,45,32,32,1,31,45,1,31,32,1,32,19,1,113.3555556,44,116,43.93162393,115.7777778,43.65811966,114.2222222,43.82051282,0,0,0,0,115.4888889,43.92307692,0.464912281,0.216374269,0.056042885,0.007797271,0,0,0.052631579,0.465408805,0.120545073,0.016771488,0,0,0.113207547,0.259009009,0.036036036,0,0,0.243243243,0.139130435,0,0,0.939130435,0,0,6.75,,,,32,48,2.454545455,3,23,1,5,3,0.990176817,1,1,0,0
79,pom,1-Pom,"hudson.model.HealthReport.HealthReport(int,java.lang.String,org.jvnet.localizer.Localizable)",4,10,10,3,0.885668277,0.5,0,3.42E-05,0.885668277,0.5,921.5,3.42E-05,0.885668277,0.5,1843,3.42E-05,0.448144674,0.814814815,6.409090909,10,2.530864198,7,3.480263158,20,100,6.12345679,45,0.735036212,0.48507125,1,0.65625,0,0.0625,0.304347826,0.28125,9.318181818,0.28125,10.25,1.03125,34.3125,0,1.375,0.8125,0,0.75,0.40625,12.96875,25,16,2,77,6,4,730,14,4.351599063,965.6186625,45,31,32,45,32,32,1,31,45,1,31,32,1,32,19,1,113.3555556,44,116,43.93162393,115.7777778,43.65811966,114.2222222,43.82051282,0,0,0,0,115.4888889,43.92307692,0.464912281,0.216374269,0.056042885,0.007797271,0,0,0.052631579,0.465408805,0.120545073,0.016771488,0,0,0.113207547,0.259009009,0.036036036,0,0,0.243243243,0.139130435,0,0,0.939130435,0,0,6.75,,,,32,48,2.454545455,3,23,1,13,1,0.324819908,0,0,1,1
11,pom,2-Pom,hudson.model.ViewJob._getRuns(),1,8,3,3,1,0,0,0.005760917,1,0,198.5,0.12177524,1,0,336,0.237789563,0.466613442,0.929577465,4,12,0.577464789,2,1.843478261,10,100,12.29577465,57,0.505529192,0.20519567,1,0.166666667,0,0.033333333,0.032258065,0.333333333,8.219512195,0.2,16.8,0.533333333,34.93333333,0,1.366666667,0,0,0.866666667,0.2,17.83333333,19,64,2,91,4,0,564,9,3.650889722,781.3821247,34,30,30,34,30,30,30,29,1,1,29,1,1,29,30,30,60.97058824,32.96774194,60.85294118,32.85483871,61,32.79032258,0,0,0,0,0,0,60.88235294,32.82258065,0.139917695,0.277366255,0.067489712,0,0,0,0.074897119,1.982352941,0.482352941,0,0,0,0.535294118,0.243323442,0,0,0,0.270029674,0,0,0,1.109756098,,,,,,,40,55,4.333333333,0,20,1,274,2,0.307793058,1,0,0,1
22,pom,2-Pom,hudson.model.ViewJob._getRuns(),1,2,1,3,1,0,0,0.005760917,1,0,198.5,0.12177524,1,0,336,0.237789563,0.466613442,0.929577465,4,12,0.577464789,2,1.843478261,10,100,12.29577465,57,0.505529192,0.20519567,1,0.166666667,0,0.033333333,0.032258065,0.333333333,8.219512195,0.2,16.8,0.533333333,34.93333333,0,1.366666667,0,0,0.866666667,0.2,17.83333333,19,64,2,91,4,0,564,9,3.650889722,781.3821247,34,30,30,34,30,30,30,29,1,1,29,1,1,29,30,30,60.97058824,32.96774194,60.85294118,32.85483871,61,32.79032258,0,0,0,0,0,0,60.88235294,32.82258065,0.139917695,0.277366255,0.067489712,0,0,0,0.074897119,1.982352941,0.482352941,0,0,0,0.535294118,0.243323442,0,0,0,0.270029674,0,0,0,1.109756098,,,,,,,40,55,4.333333333,0,20,1,23,1,0.31827112,0,0,1,1
24,pom,2-Pom,hudson.model.ViewJob._getRuns(),1,2,1,3,1,0,0,0.005760917,1,0,198.5,0.12177524,1,0,336,0.237789563,0.466613442,0.929577465,4,12,0.577464789,2,1.843478261,10,100,12.29577465,57,0.505529192,0.20519567,1,0.166666667,0,0.033333333,0.032258065,0.333333333,8.219512195,0.2,16.8,0.533333333,34.93333333,0,1.366666667,0,0,0.866666667,0.2,17.83333333,19,64,2,91,4,0,564,9,3.650889722,781.3821247,34,30,30,34,30,30,30,29,1,1,29,1,1,29,30,30,60.97058824,32.96774194,60.85294118,32.85483871,61,32.79032258,0,0,0,0,0,0,60.88235294,32.82258065,0.139917695,0.277366255,0.067489712,0,0,0,0.074897119,1.982352941,0.482352941,0,0,0,0.535294118,0.243323442,0,0,0,0.270029674,0,0,0,1.109756098,,,,,,,40,55,4.333333333,0,20,1,42,2,0.611656843,1,0,0,1
23,pom,2-Pom,hudson.model.ViewJob._getRuns(),1,2,1,3,1,0,0,0.005760917,1,0,198.5,0.12177524,1,0,336,0.237789563,0.466613442,0.929577465,4,12,0.577464789,2,1.843478261,10,100,12.29577465,57,0.505529192,0.20519567,1,0.166666667,0,0.033333333,0.032258065,0.333333333,8.219512195,0.2,16.8,0.533333333,34.93333333,0,1.366666667,0,0,0.866666667,0.2,17.83333333,19,64,2,91,4,0,564,9,3.650889722,781.3821247,34,30,30,34,30,30,30,29,1,1,29,1,1,29,30,30,60.97058824,32.96774194,60.85294118,32.85483871,61,32.79032258,0,0,0,0,0,0,60.88235294,32.82258065,0.139917695,0.277366255,0.067489712,0,0,0,0.074897119,1.982352941,0.482352941,0,0,0,0.535294118,0.243323442,0,0,0,0.270029674,0,0,0,1.109756098,,,,,,,40,55,4.333333333,0,20,1,1334,3,0,1,1,0,0
43,pom,2-Pom,hudson.model.ViewJob._getRuns(),1,3,1,3,1,0,0,0.005760917,1,0,198.5,0.12177524,1,0,336,0.237789563,0.466613442,0.929577465,4,12,0.577464789,2,1.843478261,10,100,12.29577465,57,0.505529192,0.20519567,1,0.166666667,0,0.033333333,0.032258065,0.333333333,8.219512195,0.2,16.8,0.533333333,34.93333333,0,1.366666667,0,0,0.866666667,0.2,17.83333333,19,64,2,91,4,0,564,9,3.650889722,781.3821247,34,30,30,34,30,30,30,29,1,1,29,1,1,29,30,30,60.97058824,32.96774194,60.85294118,32.85483871,61,32.79032258,0,0,0,0,0,0,60.88235294,32.82258065,0.139917695,0.277366255,0.067489712,0,0,0,0.074897119,1.982352941,0.482352941,0,0,0,0.535294118,0.243323442,0,0,0,0.270029674,0,0,0,1.109756098,,,,,,,40,55,4.333333333,0,20,1,80,2,0.561886051,1,0,0,1
21,pom,2-Pom,hudson.model.ViewJob._getRuns(),2,5,4,3,1,0,0,0.005760917,1,0,198.5,0.12177524,1,0,336,0.237789563,0.466613442,0.929577465,4,12,0.577464789,2,1.843478261,10,100,12.29577465,57,0.505529192,0.20519567,1,0.166666667,0,0.033333333,0.032258065,0.333333333,8.219512195,0.2,16.8,0.533333333,34.93333333,0,1.366666667,0,0,0.866666667,0.2,17.83333333,19,64,2,91,4,0,564,9,3.650889722,781.3821247,34,30,30,34,30,30,30,29,1,1,29,1,1,29,30,30,60.97058824,32.96774194,60.85294118,32.85483871,61,32.79032258,0,0,0,0,0,0,60.88235294,32.82258065,0.139917695,0.277366255,0.067489712,0,0,0,0.074897119,1.982352941,0.482352941,0,0,0,0.535294118,0.243323442,0,0,0,0.270029674,0,0,0,1.109756098,,,,,,,40,55,4.333333333,0,20,0,,0,0,0,0,0,0
34,pom,2-Pom,hudson.model.ViewJob._getRuns(),1,4,4,3,1,0,0,0.005760917,1,0,198.5,0.12177524,1,0,336,0.237789563,0.466613442,0.929577465,4,12,0.577464789,2,1.843478261,10,100,12.29577465,57,0.505529192,0.20519567,1,0.166666667,0,0.033333333,0.032258065,0.333333333,8.219512195,0.2,16.8,0.533333333,34.93333333,0,1.366666667,0,0,0.866666667,0.2,17.83333333,19,64,2,91,4,0,564,9,3.650889722,781.3821247,34,30,30,34,30,30,30,29,1,1,29,1,1,29,30,30,60.97058824,32.96774194,60.85294118,32.85483871,61,32.79032258,0,0,0,0,0,0,60.88235294,32.82258065,0.139917695,0.277366255,0.067489712,0,0,0,0.074897119,1.982352941,0.482352941,0,0,0,0.535294118,0.243323442,0,0,0,0.270029674,0,0,0,1.109756098,,,,,,,40,55,4.333333333,0,20,1,19,2,0.64178127,1,0,0,1
67,pom,2-Pom,hudson.model.ViewJob._getRuns(),4,8,5,3,1,0,0,0.005760917,1,0,198.5,0.12177524,1,0,336,0.237789563,0.466613442,0.929577465,4,12,0.577464789,2,1.843478261,10,100,12.29577465,57,0.505529192,0.20519567,1,0.166666667,0,0.033333333,0.032258065,0.333333333,8.219512195,0.2,16.8,0.533333333,34.93333333,0,1.366666667,0,0,0.866666667,0.2,17.83333333,19,64,2,91,4,0,564,9,3.650889722,781.3821247,34,30,30,34,30,30,30,29,1,1,29,1,1,29,30,30,60.97058824,32.96774194,60.85294118,32.85483871,61,32.79032258,0,0,0,0,0,0,60.88235294,32.82258065,0.139917695,0.277366255,0.067489712,0,0,0,0.074897119,1.982352941,0.482352941,0,0,0,0.535294118,0.243323442,0,0,0,0.270029674,0,0,0,1.109756098,,,,,,,40,55,4.333333333,0,20,1,30,0,0,0,0,1,1
79,pom,2-Pom,hudson.model.ViewJob._getRuns(),4,10,10,3,1,0,0,0.005760917,1,0,198.5,0.12177524,1,0,336,0.237789563,0.466613442,0.929577465,4,12,0.577464789,2,1.843478261,10,100,12.29577465,57,0.505529192,0.20519567,1,0.166666667,0,0.033333333,0.032258065,0.333333333,8.219512195,0.2,16.8,0.533333333,34.93333333,0,1.366666667,0,0,0.866666667,0.2,17.83333333,19,64,2,91,4,0,564,9,3.650889722,781.3821247,34,30,30,34,30,30,30,29,1,1,29,1,1,29,30,30,60.97058824,32.96774194,60.85294118,32.85483871,61,32.79032258,0,0,0,0,0,0,60.88235294,32.82258065,0.139917695,0.277366255,0.067489712,0,0,0,0.074897119,1.982352941,0.482352941,0,0,0,0.535294118,0.243323442,0,0,0,0.270029674,0,0,0,1.109756098,,,,,,,40,55,4.333333333,0,20,0,,0,0,0,0,0,0
9,pom,3-Pom,hudson.os.PosixAPI.get(),4,6,4,4,0.078947368,1,0,0,0.078947368,1,840,0.121918736,0.078947368,1,1858,0.516503114,0.335016221,0.630769231,4.47311828,11,0.007692308,1,2.473933649,20,100,8.392307692,45,0.352528938,0.114707867,0.983738754,0.090909091,0.160714286,0.127272727,0.021276596,0.090909091,6.142857143,0.02173913,9.391304348,0.782608696,31.95652174,0.02173913,2.130434783,0.043478261,0.090909091,0.709090909,0.717391304,10.93478261,29,24,3,105,12,1,522,14,4.37347151,1879.341322,56,55,55,55,55,55,44,55,55,55,55,55,55,55,55,44,105,54.36792453,104.9821429,54.76415094,104.9464286,54.55660377,102.625,54.80188679,105,55,105,55,104.9464286,54.79245283,0.034437086,0.398675497,0.12384106,0.001324503,0.001986755,0.001986755,0.104635762,11.57692308,3.596153846,0.038461538,0.057692308,0.057692308,3.038461538,0.310631229,0.003322259,0.004983389,0.004983389,0.262458472,0.010695187,0.016042781,0.016042781,0.844919786,1.5,1.5,79,1,52.66666667,52.66666667,33,36,4.1,0,18,1,15,2,0.647020301,1,0,0,1
20,pom,3-Pom,hudson.os.PosixAPI.get(),2,5,3,4,0.078947368,1,0,0,0.078947368,1,840,0.121918736,0.078947368,1,1858,0.516503114,0.335016221,0.630769231,4.47311828,11,0.007692308,1,2.473933649,20,100,8.392307692,45,0.352528938,0.114707867,0.983738754,0.090909091,0.160714286,0.127272727,0.021276596,0.090909091,6.142857143,0.02173913,9.391304348,0.782608696,31.95652174,0.02173913,2.130434783,0.043478261,0.090909091,0.709090909,0.717391304,10.93478261,29,24,3,105,12,1,522,14,4.37347151,1879.341322,56,55,55,55,55,55,44,55,55,55,55,55,55,55,55,44,105,54.36792453,104.9821429,54.76415094,104.9464286,54.55660377,102.625,54.80188679,105,55,105,55,104.9464286,54.79245283,0.034437086,0.398675497,0.12384106,0.001324503,0.001986755,0.001986755,0.104635762,11.57692308,3.596153846,0.038461538,0.057692308,0.057692308,3.038461538,0.310631229,0.003322259,0.004983389,0.004983389,0.262458472,0.010695187,0.016042781,0.016042781,0.844919786,1.5,1.5,79,1,52.66666667,52.66666667,33,36,4.1,0,18,0,,0,0,0,0,0,0
32,pom,3-Pom,hudson.os.PosixAPI.get(),1,6,1,4,0.078947368,1,0,0,0.078947368,1,840,0.121918736,0.078947368,1,1858,0.516503114,0.335016221,0.630769231,4.47311828,11,0.007692308,1,2.473933649,20,100,8.392307692,45,0.352528938,0.114707867,0.983738754,0.090909091,0.160714286,0.127272727,0.021276596,0.090909091,6.142857143,0.02173913,9.391304348,0.782608696,31.95652174,0.02173913,2.130434783,0.043478261,0.090909091,0.709090909,0.717391304,10.93478261,29,24,3,105,12,1,522,14,4.37347151,1879.341322,56,55,55,55,55,55,44,55,55,55,55,55,55,55,55,44,105,54.36792453,104.9821429,54.76415094,104.9464286,54.55660377,102.625,54.80188679,105,55,105,55,104.9464286,54.79245283,0.034437086,0.398675497,0.12384106,0.001324503,0.001986755,0.001986755,0.104635762,11.57692308,3.596153846,0.038461538,0.057692308,0.057692308,3.038461538,0.310631229,0.003322259,0.004983389,0.004983389,0.262458472,0.010695187,0.016042781,0.016042781,0.844919786,1.5,1.5,79,1,52.66666667,52.66666667,33,36,4.1,0,18,1,144,0,0,0,0,1,1
38,pom,3-Pom,hudson.os.PosixAPI.get(),1,3,2,4,0.078947368,1,0,0,0.078947368,1,840,0.121918736,0.078947368,1,1858,0.516503114,0.335016221,0.630769231,4.47311828,11,0.007692308,1,2.473933649,20,100,8.392307692,45,0.352528938,0.114707867,0.983738754,0.090909091,0.160714286,0.127272727,0.021276596,0.090909091,6.142857143,0.02173913,9.391304348,0.782608696,31.95652174,0.02173913,2.130434783,0.043478261,0.090909091,0.709090909,0.717391304,10.93478261,29,24,3,105,12,1,522,14,4.37347151,1879.341322,56,55,55,55,55,55,44,55,55,55,55,55,55,55,55,44,105,54.36792453,104.9821429,54.76415094,104.9464286,54.55660377,102.625,54.80188679,105,55,105,55,104.9464286,54.79245283,0.034437086,0.398675497,0.12384106,0.001324503,0.001986755,0.001986755,0.104635762,11.57692308,3.596153846,0.038461538,0.057692308,0.057692308,3.038461538,0.310631229,0.003322259,0.004983389,0.004983389,0.262458472,0.010695187,0.016042781,0.016042781,0.844919786,1.5,1.5,79,1,52.66666667,52.66666667,33,36,4.1,0,18,0,,0,0,0,0,0,0
43,pom,3-Pom,hudson.os.PosixAPI.get(),1,3,1,4,0.078947368,1,0,0,0.078947368,1,840,0.121918736,0.078947368,1,1858,0.516503114,0.335016221,0.630769231,4.47311828,11,0.007692308,1,2.473933649,20,100,8.392307692,45,0.352528938,0.114707867,0.983738754,0.090909091,0.160714286,0.127272727,0.021276596,0.090909091,6.142857143,0.02173913,9.391304348,0.782608696,31.95652174,0.02173913,2.130434783,0.043478261,0.090909091,0.709090909,0.717391304,10.93478261,29,24,3,105,12,1,522,14,4.37347151,1879.341322,56,55,55,55,55,55,44,55,55,55,55,55,55,55,55,44,105,54.36792453,104.9821429,54.76415094,104.9464286,54.55660377,102.625,54.80188679,105,55,105,55,104.9464286,54.79245283,0.034437086,0.398675497,0.12384106,0.001324503,0.001986755,0.001986755,0.104635762,11.57692308,3.596153846,0.038461538,0.057692308,0.057692308,3.038461538,0.310631229,0.003322259,0.004983389,0.004983389,0.262458472,0.010695187,0.016042781,0.016042781,0.844919786,1.5,1.5,79,1,52.66666667,52.66666667,33,36,4.1,0,18,0,,0,0,0,0,0,0
39,pom,3-Pom,hudson.os.PosixAPI.get(),1,4,2,4,0.078947368,1,0,0,0.078947368,1,840,0.121918736,0.078947368,1,1858,0.516503114,0.335016221,0.630769231,4.47311828,11,0.007692308,1,2.473933649,20,100,8.392307692,45,0.352528938,0.114707867,0.983738754,0.090909091,0.160714286,0.127272727,0.021276596,0.090909091,6.142857143,0.02173913,9.391304348,0.782608696,31.95652174,0.02173913,2.130434783,0.043478261,0.090909091,0.709090909,0.717391304,10.93478261,29,24,3,105,12,1,522,14,4.37347151,1879.341322,56,55,55,55,55,55,44,55,55,55,55,55,55,55,55,44,105,54.36792453,104.9821429,54.76415094,104.9464286,54.55660377,102.625,54.80188679,105,55,105,55,104.9464286,54.79245283,0.034437086,0.398675497,0.12384106,0.001324503,0.001986755,0.001986755,0.104635762,11.57692308,3.596153846,0.038461538,0.057692308,0.057692308,3.038461538,0.310631229,0.003322259,0.004983389,0.004983389,0.262458472,0.010695187,0.016042781,0.016042781,0.844919786,1.5,1.5,79,1,52.66666667,52.66666667,33,36,4.1,0,18,0,,0,0,0,0,0,0
34,pom,3-Pom,hudson.os.PosixAPI.get(),1,4,4,4,0.078947368,1,0,0,0.078947368,1,840,0.121918736,0.078947368,1,1858,0.516503114,0.335016221,0.630769231,4.47311828,11,0.007692308,1,2.473933649,20,100,8.392307692,45,0.352528938,0.114707867,0.983738754,0.090909091,0.160714286,0.127272727,0.021276596,0.090909091,6.142857143,0.02173913,9.391304348,0.782608696,31.95652174,0.02173913,2.130434783,0.043478261,0.090909091,0.709090909,0.717391304,10.93478261,29,24,3,105,12,1,522,14,4.37347151,1879.341322,56,55,55,55,55,55,44,55,55,55,55,55,55,55,55,44,105,54.36792453,104.9821429,54.76415094,104.9464286,54.55660377,102.625,54.80188679,105,55,105,55,104.9464286,54.79245283,0.034437086,0.398675497,0.12384106,0.001324503,0.001986755,0.001986755,0.104635762,11.57692308,3.596153846,0.038461538,0.057692308,0.057692308,3.038461538,0.310631229,0.003322259,0.004983389,0.004983389,0.262458472,0.010695187,0.016042781,0.016042781,0.844919786,1.5,1.5,79,1,52.66666667,52.66666667,33,36,4.1,0,18,1,14,2,0.648330059,1,0,0,1
67,pom,3-Pom,hudson.os.PosixAPI.get(),4,8,5,4,0.078947368,1,0,0,0.078947368,1,840,0.121918736,0.078947368,1,1858,0.516503114,0.335016221,0.630769231,4.47311828,11,0.007692308,1,2.473933649,20,100,8.392307692,45,0.352528938,0.114707867,0.983738754,0.090909091,0.160714286,0.127272727,0.021276596,0.090909091,6.142857143,0.02173913,9.391304348,0.782608696,31.95652174,0.02173913,2.130434783,0.043478261,0.090909091,0.709090909,0.717391304,10.93478261,29,24,3,105,12,1,522,14,4.37347151,1879.341322,56,55,55,55,55,55,44,55,55,55,55,55,55,55,55,44,105,54.36792453,104.9821429,54.76415094,104.9464286,54.55660377,102.625,54.80188679,105,55,105,55,104.9464286,54.79245283,0.034437086,0.398675497,0.12384106,0.001324503,0.001986755,0.001986755,0.104635762,11.57692308,3.596153846,0.038461538,0.057692308,0.057692308,3.038461538,0.310631229,0.003322259,0.004983389,0.004983389,0.262458472,0.010695187,0.016042781,0.016042781,0.844919786,1.5,1.5,79,1,52.66666667,52.66666667,33,36,4.1,0,18,1,25,3,0.950884086,1,1,0,0
79,pom,3-Pom,hudson.os.PosixAPI.get(),4,10,10,4,0.078947368,1,0,0,0.078947368,1,840,0.121918736,0.078947368,1,1858,0.516503114,0.335016221,0.630769231,4.47311828,11,0.007692308,1,2.473933649,20,100,8.392307692,45,0.352528938,0.114707867,0.983738754,0.090909091,0.160714286,0.127272727,0.021276596,0.090909091,6.142857143,0.02173913,9.391304348,0.782608696,31.95652174,0.02173913,2.130434783,0.043478261,0.090909091,0.709090909,0.717391304,10.93478261,29,24,3,105,12,1,522,14,4.37347151,1879.341322,56,55,55,55,55,55,44,55,55,55,55,55,55,55,55,44,105,54.36792453,104.9821429,54.76415094,104.9464286,54.55660377,102.625,54.80188679,105,55,105,55,104.9464286,54.79245283,0.034437086,0.398675497,0.12384106,0.001324503,0.001986755,0.001986755,0.104635762,11.57692308,3.596153846,0.038461538,0.057692308,0.057692308,3.038461538,0.310631229,0.003322259,0.004983389,0.004983389,0.262458472,0.010695187,0.016042781,0.016042781,0.844919786,1.5,1.5,79,1,52.66666667,52.66666667,33,36,4.1,0,18,1,209,1,0.196463654,0,0,1,1
11,pom,4-Pom,"hudson.util.Iterators.limit(java.util.Iterator<? extends T>,hudson.util.Iterators.CountingPredicate<? super T>)",1,8,3,4,0.5,0,216,0.126903577,0.611111111,0,318,0.126903577,0.833333333,0,352,0.126903577,0.335892916,0.763636364,4.25,12,0.4,2,2.596491228,10,100,7,30,0.470810482,0.11785113,1,0.216216216,0.071428571,0.054054054,0.15,0.324324324,4.7,0.088235294,15.05882353,0.823529412,30.97058824,0,1.470588235,0.029411765,0.054054054,0.675675676,0.088235294,16.88235294,29,28,6,118,10,1,630,10,3.508225253,971.7834751,42,37,36,42,37,37,37,37,41,1,36,37,37,37,37,37,117.952381,41,117.9761905,40.77310924,117.952381,40.83193277,118,41,0,0,0,0,117.8571429,40.69747899,0.171518489,0.184893784,0.113296617,0.000786782,0,0,0.077891424,1.077981651,0.660550459,0.004587156,0,0,0.45412844,0.612765957,0.004255319,0,0,0.421276596,0.006944444,0,0,0.6875,0,0,99,,,,21,32,4,2,15,1,186,3,0.634577603,1,1,0,0
20,pom,4-Pom,"hudson.util.Iterators.limit(java.util.Iterator<? extends T>,hudson.util.Iterators.CountingPredicate<? super T>)",2,5,3,4,0.5,0,216,0.126903577,0.611111111,0,318,0.126903577,0.833333333,0,352,0.126903577,0.335892916,0.763636364,4.25,12,0.4,2,2.596491228,10,100,7,30,0.470810482,0.11785113,1,0.216216216,0.071428571,0.054054054,0.15,0.324324324,4.7,0.088235294,15.05882353,0.823529412,30.97058824,0,1.470588235,0.029411765,0.054054054,0.675675676,0.088235294,16.88235294,29,28,6,118,10,1,630,10,3.508225253,971.7834751,42,37,36,42,37,37,37,37,41,1,36,37,37,37,37,37,117.952381,41,117.9761905,40.77310924,117.952381,40.83193277,118,41,0,0,0,0,117.8571429,40.69747899,0.171518489,0.184893784,0.113296617,0.000786782,0,0,0.077891424,1.077981651,0.660550459,0.004587156,0,0,0.45412844,0.612765957,0.004255319,0,0,0.421276596,0.006944444,0,0,0.6875,0,0,99,,,,21,32,4,2,15,0,,0,0,0,0,0,0
32,pom,4-Pom,"hudson.util.Iterators.limit(java.util.Iterator<? extends T>,hudson.util.Iterators.CountingPredicate<? super T>)",1,6,1,4,0.5,0,216,0.126903577,0.611111111,0,318,0.126903577,0.833333333,0,352,0.126903577,0.335892916,0.763636364,4.25,12,0.4,2,2.596491228,10,100,7,30,0.470810482,0.11785113,1,0.216216216,0.071428571,0.054054054,0.15,0.324324324,4.7,0.088235294,15.05882353,0.823529412,30.97058824,0,1.470588235,0.029411765,0.054054054,0.675675676,0.088235294,16.88235294,29,28,6,118,10,1,630,10,3.508225253,971.7834751,42,37,36,42,37,37,37,37,41,1,36,37,37,37,37,37,117.952381,41,117.9761905,40.77310924,117.952381,40.83193277,118,41,0,0,0,0,117.8571429,40.69747899,0.171518489,0.184893784,0.113296617,0.000786782,0,0,0.077891424,1.077981651,0.660550459,0.004587156,0,0,0.45412844,0.612765957,0.004255319,0,0,0.421276596,0.006944444,0,0,0.6875,0,0,99,,,,21,32,4,2,15,1,63,3,0.876227898,1,1,0,0
32,pom,4-Pom,"hudson.util.Iterators.limit(java.util.Iterator<? extends T>,hudson.util.Iterators.CountingPredicate<? super T>)",1,6,1,4,0.5,0,216,0.126903577,0.611111111,0,318,0.126903577,0.833333333,0,352,0.126903577,0.335892916,0.763636364,4.25,12,0.4,2,2.596491228,10,100,7,30,0.470810482,0.11785113,1,0.216216216,0.071428571,0.054054054,0.15,0.324324324,4.7,0.088235294,15.05882353,0.823529412,30.97058824,0,1.470588235,0.029411765,0.054054054,0.675675676,0.088235294,16.88235294,29,28,6,118,10,1,630,10,3.508225253,971.7834751,42,37,36,42,37,37,37,37,41,1,36,37,37,37,37,37,117.952381,41,117.9761905,40.77310924,117.952381,40.83193277,118,41,0,0,0,0,117.8571429,40.69747899,0.171518489,0.184893784,0.113296617,0.000786782,0,0,0.077891424,1.077981651,0.660550459,0.004587156,0,0,0.45412844,0.612765957,0.004255319,0,0,0.421276596,0.006944444,0,0,0.6875,0,0,99,,,,21,32,4,2,15,1,63,2,0.584151932,1,0,0,1
43,pom,4-Pom,"hudson.util.Iterators.limit(java.util.Iterator<? extends T>,hudson.util.Iterators.CountingPredicate<? super T>)",1,3,1,4,0.5,0,216,0.126903577,0.611111111,0,318,0.126903577,0.833333333,0,352,0.126903577,0.335892916,0.763636364,4.25,12,0.4,2,2.596491228,10,100,7,30,0.470810482,0.11785113,1,0.216216216,0.071428571,0.054054054,0.15,0.324324324,4.7,0.088235294,15.05882353,0.823529412,30.97058824,0,1.470588235,0.029411765,0.054054054,0.675675676,0.088235294,16.88235294,29,28,6,118,10,1,630,10,3.508225253,971.7834751,42,37,36,42,37,37,37,37,41,1,36,37,37,37,37,37,117.952381,41,117.9761905,40.77310924,117.952381,40.83193277,118,41,0,0,0,0,117.8571429,40.69747899,0.171518489,0.184893784,0.113296617,0.000786782,0,0,0.077891424,1.077981651,0.660550459,0.004587156,0,0,0.45412844,0.612765957,0.004255319,0,0,0.421276596,0.006944444,0,0,0.6875,0,0,99,,,,21,32,4,2,15,1,732,0,0,0,0,1,1
21,pom,4-Pom,"hudson.util.Iterators.limit(java.util.Iterator<? extends T>,hudson.util.Iterators.CountingPredicate<? super T>)",2,5,4,4,0.5,0,216,0.126903577,0.611111111,0,318,0.126903577,0.833333333,0,352,0.126903577,0.335892916,0.763636364,4.25,12,0.4,2,2.596491228,10,100,7,30,0.470810482,0.11785113,1,0.216216216,0.071428571,0.054054054,0.15,0.324324324,4.7,0.088235294,15.05882353,0.823529412,30.97058824,0,1.470588235,0.029411765,0.054054054,0.675675676,0.088235294,16.88235294,29,28,6,118,10,1,630,10,3.508225253,971.7834751,42,37,36,42,37,37,37,37,41,1,36,37,37,37,37,37,117.952381,41,117.9761905,40.77310924,117.952381,40.83193277,118,41,0,0,0,0,117.8571429,40.69747899,0.171518489,0.184893784,0.113296617,0.000786782,0,0,0.077891424,1.077981651,0.660550459,0.004587156,0,0,0.45412844,0.612765957,0.004255319,0,0,0.421276596,0.006944444,0,0,0.6875,0,0,99,,,,21,32,4,2,15,1,113,0,0,0,0,1,1
34,pom,4-Pom,"hudson.util.Iterators.limit(java.util.Iterator<? extends T>,hudson.util.Iterators.CountingPredicate<? super T>)",1,4,4,4,0.5,0,216,0.126903577,0.611111111,0,318,0.126903577,0.833333333,0,352,0.126903577,0.335892916,0.763636364,4.25,12,0.4,2,2.596491228,10,100,7,30,0.470810482,0.11785113,1,0.216216216,0.071428571,0.054054054,0.15,0.324324324,4.7,0.088235294,15.05882353,0.823529412,30.97058824,0,1.470588235,0.029411765,0.054054054,0.675675676,0.088235294,16.88235294,29,28,6,118,10,1,630,10,3.508225253,971.7834751,42,37,36,42,37,37,37,37,41,1,36,37,37,37,37,37,117.952381,41,117.9761905,40.77310924,117.952381,40.83193277,118,41,0,0,0,0,117.8571429,40.69747899,0.171518489,0.184893784,0.113296617,0.000786782,0,0,0.077891424,1.077981651,0.660550459,0.004587156,0,0,0.45412844,0.612765957,0.004255319,0,0,0.421276596,0.006944444,0,0,0.6875,0,0,99,,,,21,32,4,2,15,0,,0,0,0,0,0,0
67,pom,4-Pom,"hudson.util.Iterators.limit(java.util.Iterator<? extends T>,hudson.util.Iterators.CountingPredicate<? super T>)",4,8,5,4,0.5,0,216,0.126903577,0.611111111,0,318,0.126903577,0.833333333,0,352,0.126903577,0.335892916,0.763636364,4.25,12,0.4,2,2.596491228,10,100,7,30,0.470810482,0.11785113,1,0.216216216,0.071428571,0.054054054,0.15,0.324324324,4.7,0.088235294,15.05882353,0.823529412,30.97058824,0,1.470588235,0.029411765,0.054054054,0.675675676,0.088235294,16.88235294,29,28,6,118,10,1,630,10,3.508225253,971.7834751,42,37,36,42,37,37,37,37,41,1,36,37,37,37,37,37,117.952381,41,117.9761905,40.77310924,117.952381,40.83193277,118,41,0,0,0,0,117.8571429,40.69747899,0.171518489,0.184893784,0.113296617,0.000786782,0,0,0.077891424,1.077981651,0.660550459,0.004587156,0,0,0.45412844,0.612765957,0.004255319,0,0,0.421276596,0.006944444,0,0,0.6875,0,0,99,,,,21,32,4,2,15,1,11,3,0.978388998,1,1,0,0
79,pom,4-Pom,"hudson.util.Iterators.limit(java.util.Iterator<? extends T>,hudson.util.Iterators.CountingPredicate<? super T>)",4,10,10,4,0.5,0,216,0.126903577,0.611111111,0,318,0.126903577,0.833333333,0,352,0.126903577,0.335892916,0.763636364,4.25,12,0.4,2,2.596491228,10,100,7,30,0.470810482,0.11785113,1,0.216216216,0.071428571,0.054054054,0.15,0.324324324,4.7,0.088235294,15.05882353,0.823529412,30.97058824,0,1.470588235,0.029411765,0.054054054,0.675675676,0.088235294,16.88235294,29,28,6,118,10,1,630,10,3.508225253,971.7834751,42,37,36,42,37,37,37,37,41,1,36,37,37,37,37,37,117.952381,41,117.9761905,40.77310924,117.952381,40.83193277,118,41,0,0,0,0,117.8571429,40.69747899,0.171518489,0.184893784,0.113296617,0.000786782,0,0,0.077891424,1.077981651,0.660550459,0.004587156,0,0,0.45412844,0.612765957,0.004255319,0,0,0.421276596,0.006944444,0,0,0.6875,0,0,99,,,,21,32,4,2,15,1,24,3,0.952848723,1,1,0,0
11,pom,5-Pom,"jenkins.util.AntClassLoader.loadClass(java.lang.String,boolean)",1,8,3,4,0.916666667,1,7,0.000540833,0.981481481,1,545.3636364,0.000540833,1,1,1843,0.000540833,0.479301035,0.758928571,5.341176471,11,4.607142857,13,5.925,17,100,6.928571429,30,0.562913117,0.149071198,0.933333333,0.171428571,0.01754386,0.085714286,0.37037037,0.028571429,7.813333333,0.117647059,12.94117647,0.470588235,38.58823529,0,2.205882353,0,0.285714286,0.857142857,0.117647059,15.52941176,22,32,3,92,9,0,795,29,4.183918218,944.48167,57,35,35,57,35,35,35,34,54,1,35,1,35,35,35,35,91.96491228,56,91.98245614,55.82795699,91.98245614,55.88172043,0,0,91.98245614,55.95698925,0,0,91.8245614,55.76344086,0.448507776,0.194199243,0.03320723,0,0.071458596,0,0.039932745,0.432989691,0.074039363,0,0.159325211,0,0.089034677,0.170995671,0,0.367965368,0,0.205627706,0,2.151898734,0,1.202531646,,,,0,0.558823529,,50,70,2.833333333,2,19,1,256,1,0.165684348,0,0,1,1
22,pom,5-Pom,"jenkins.util.AntClassLoader.loadClass(java.lang.String,boolean)",1,2,1,4,0.916666667,1,7,0.000540833,0.981481481,1,545.3636364,0.000540833,1,1,1843,0.000540833,0.479301035,0.758928571,5.341176471,11,4.607142857,13,5.925,17,100,6.928571429,30,0.562913117,0.149071198,0.933333333,0.171428571,0.01754386,0.085714286,0.37037037,0.028571429,7.813333333,0.117647059,12.94117647,0.470588235,38.58823529,0,2.205882353,0,0.285714286,0.857142857,0.117647059,15.52941176,22,32,3,92,9,0,795,29,4.183918218,944.48167,57,35,35,57,35,35,35,34,54,1,35,1,35,35,35,35,91.96491228,56,91.98245614,55.82795699,91.98245614,55.88172043,0,0,91.98245614,55.95698925,0,0,91.8245614,55.76344086,0.448507776,0.194199243,0.03320723,0,0.071458596,0,0.039932745,0.432989691,0.074039363,0,0.159325211,0,0.089034677,0.170995671,0,0.367965368,0,0.205627706,0,2.151898734,0,1.202531646,,,,0,0.558823529,,50,70,2.833333333,2,19,1,64,0,0,0,0,1,1
32,pom,5-Pom,"jenkins.util.AntClassLoader.loadClass(java.lang.String,boolean)",1,6,1,4,0.916666667,1,7,0.000540833,0.981481481,1,545.3636364,0.000540833,1,1,1843,0.000540833,0.479301035,0.758928571,5.341176471,11,4.607142857,13,5.925,17,100,6.928571429,30,0.562913117,0.149071198,0.933333333,0.171428571,0.01754386,0.085714286,0.37037037,0.028571429,7.813333333,0.117647059,12.94117647,0.470588235,38.58823529,0,2.205882353,0,0.285714286,0.857142857,0.117647059,15.52941176,22,32,3,92,9,0,795,29,4.183918218,944.48167,57,35,35,57,35,35,35,34,54,1,35,1,35,35,35,35,91.96491228,56,91.98245614,55.82795699,91.98245614,55.88172043,0,0,91.98245614,55.95698925,0,0,91.8245614,55.76344086,0.448507776,0.194199243,0.03320723,0,0.071458596,0,0.039932745,0.432989691,0.074039363,0,0.159325211,0,0.089034677,0.170995671,0,0.367965368,0,0.205627706,0,2.151898734,0,1.202531646,,,,0,0.558823529,,50,70,2.833333333,2,19,1,83,2,0.557956778,1,0,0,1
38,pom,5-Pom,"jenkins.util.AntClassLoader.loadClass(java.lang.String,boolean)",1,3,2,4,0.916666667,1,7,0.000540833,0.981481481,1,545.3636364,0.000540833,1,1,1843,0.000540833,0.479301035,0.758928571,5.341176471,11,4.607142857,13,5.925,17,100,6.928571429,30,0.562913117,0.149071198,0.933333333,0.171428571,0.01754386,0.085714286,0.37037037,0.028571429,7.813333333,0.117647059,12.94117647,0.470588235,38.58823529,0,2.205882353,0,0.285714286,0.857142857,0.117647059,15.52941176,22,32,3,92,9,0,795,29,4.183918218,944.48167,57,35,35,57,35,35,35,34,54,1,35,1,35,35,35,35,91.96491228,56,91.98245614,55.82795699,91.98245614,55.88172043,0,0,91.98245614,55.95698925,0,0,91.8245614,55.76344086,0.448507776,0.194199243,0.03320723,0,0.071458596,0,0.039932745,0.432989691,0.074039363,0,0.159325211,0,0.089034677,0.170995671,0,0.367965368,0,0.205627706,0,2.151898734,0,1.202531646,,,,0,0.558823529,,50,70,2.833333333,2,19,0,,0,0,0,0,0,0
43,pom,5-Pom,"jenkins.util.AntClassLoader.loadClass(java.lang.String,boolean)",1,3,1,4,0.916666667,1,7,0.000540833,0.981481481,1,545.3636364,0.000540833,1,1,1843,0.000540833,0.479301035,0.758928571,5.341176471,11,4.607142857,13,5.925,17,100,6.928571429,30,0.562913117,0.149071198,0.933333333,0.171428571,0.01754386,0.085714286,0.37037037,0.028571429,7.813333333,0.117647059,12.94117647,0.470588235,38.58823529,0,2.205882353,0,0.285714286,0.857142857,0.117647059,15.52941176,22,32,3,92,9,0,795,29,4.183918218,944.48167,57,35,35,57,35,35,35,34,54,1,35,1,35,35,35,35,91.96491228,56,91.98245614,55.82795699,91.98245614,55.88172043,0,0,91.98245614,55.95698925,0,0,91.8245614,55.76344086,0.448507776,0.194199243,0.03320723,0,0.071458596,0,0.039932745,0.432989691,0.074039363,0,0.159325211,0,0.089034677,0.170995671,0,0.367965368,0,0.205627706,0,2.151898734,0,1.202531646,,,,0,0.558823529,,50,70,2.833333333,2,19,1,174,2,0.438768828,1,0,0,1
21,pom,5-Pom,"jenkins.util.AntClassLoader.loadClass(java.lang.String,boolean)",2,5,4,4,0.916666667,1,7,0.000540833,0.981481481,1,545.3636364,0.000540833,1,1,1843,0.000540833,0.479301035,0.758928571,5.341176471,11,4.607142857,13,5.925,17,100,6.928571429,30,0.562913117,0.149071198,0.933333333,0.171428571,0.01754386,0.085714286,0.37037037,0.028571429,7.813333333,0.117647059,12.94117647,0.470588235,38.58823529,0,2.205882353,0,0.285714286,0.857142857,0.117647059,15.52941176,22,32,3,92,9,0,795,29,4.183918218,944.48167,57,35,35,57,35,35,35,34,54,1,35,1,35,35,35,35,91.96491228,56,91.98245614,55.82795699,91.98245614,55.88172043,0,0,91.98245614,55.95698925,0,0,91.8245614,55.76344086,0.448507776,0.194199243,0.03320723,0,0.071458596,0,0.039932745,0.432989691,0.074039363,0,0.159325211,0,0.089034677,0.170995671,0,0.367965368,0,0.205627706,0,2.151898734,0,1.202531646,,,,0,0.558823529,,50,70,2.833333333,2,19,1,452,2,0.074656189,1,0,0,1
16,pom,5-Pom,"jenkins.util.AntClassLoader.loadClass(java.lang.String,boolean)",2,4,3,4,0.916666667,1,7,0.000540833,0.981481481,1,545.3636364,0.000540833,1,1,1843,0.000540833,0.479301035,0.758928571,5.341176471,11,4.607142857,13,5.925,17,100,6.928571429,30,0.562913117,0.149071198,0.933333333,0.171428571,0.01754386,0.085714286,0.37037037,0.028571429,7.813333333,0.117647059,12.94117647,0.470588235,38.58823529,0,2.205882353,0,0.285714286,0.857142857,0.117647059,15.52941176,22,32,3,92,9,0,795,29,4.183918218,944.48167,57,35,35,57,35,35,35,34,54,1,35,1,35,35,35,35,91.96491228,56,91.98245614,55.82795699,91.98245614,55.88172043,0,0,91.98245614,55.95698925,0,0,91.8245614,55.76344086,0.448507776,0.194199243,0.03320723,0,0.071458596,0,0.039932745,0.432989691,0.074039363,0,0.159325211,0,0.089034677,0.170995671,0,0.367965368,0,0.205627706,0,2.151898734,0,1.202531646,,,,0,0.558823529,,50,70,2.833333333,2,19,0,,0,0,0,0,0,0
67,pom,5-Pom,"jenkins.util.AntClassLoader.loadClass(java.lang.String,boolean)",4,8,5,4,0.916666667,1,7,0.000540833,0.981481481,1,545.3636364,0.000540833,1,1,1843,0.000540833,0.479301035,0.758928571,5.341176471,11,4.607142857,13,5.925,17,100,6.928571429,30,0.562913117,0.149071198,0.933333333,0.171428571,0.01754386,0.085714286,0.37037037,0.028571429,7.813333333,0.117647059,12.94117647,0.470588235,38.58823529,0,2.205882353,0,0.285714286,0.857142857,0.117647059,15.52941176,22,32,3,92,9,0,795,29,4.183918218,944.48167,57,35,35,57,35,35,35,34,54,1,35,1,35,35,35,35,91.96491228,56,91.98245614,55.82795699,91.98245614,55.88172043,0,0,91.98245614,55.95698925,0,0,91.8245614,55.76344086,0.448507776,0.194199243,0.03320723,0,0.071458596,0,0.039932745,0.432989691,0.074039363,0,0.159325211,0,0.089034677,0.170995671,0,0.367965368,0,0.205627706,0,2.151898734,0,1.202531646,,,,0,0.558823529,,50,70,2.833333333,2,19,1,27,3,0.946954813,1,1,0,0
79,pom,5-Pom,"jenkins.util.AntClassLoader.loadClass(java.lang.String,boolean)",4,10,10,4,0.916666667,1,7,0.000540833,0.981481481,1,545.3636364,0.000540833,1,1,1843,0.000540833,0.479301035,0.758928571,5.341176471,11,4.607142857,13,5.925,17,100,6.928571429,30,0.562913117,0.149071198,0.933333333,0.171428571,0.01754386,0.085714286,0.37037037,0.028571429,7.813333333,0.117647059,12.94117647,0.470588235,38.58823529,0,2.205882353,0,0.285714286,0.857142857,0.117647059,15.52941176,22,32,3,92,9,0,795,29,4.183918218,944.48167,57,35,35,57,35,35,35,34,54,1,35,1,35,35,35,35,91.96491228,56,91.98245614,55.82795699,91.98245614,55.88172043,0,0,91.98245614,55.95698925,0,0,91.8245614,55.76344086,0.448507776,0.194199243,0.03320723,0,0.071458596,0,0.039932745,0.432989691,0.074039363,0,0.159325211,0,0.089034677,0.170995671,0,0.367965368,0,0.205627706,0,2.151898734,0,1.202531646,,,,0,0.558823529,,50,70,2.833333333,2,19,1,19,3,0.962671906,1,1,0,0
6,car-report,1-CarReport,me.kuehle.carreport.gui.dialog.EditFuelTypeDialogFragment.save(),2,3,3,3,1,0,1843,0,1,0.276135833,1843,0,1,0.833333333,1843,0,0.292099744,0.744186047,4.056603774,9,0,0,1.074712644,10,0,9.124031008,37,0.396418915,0.125988158,0.742307489,0.117647059,0.117647059,0.029411765,0.032258065,0.029411765,9.615384615,0.066666667,11.06666667,0.666666667,40.73333333,0,2.166666667,0,0,1.176470588,0.7,12.5,31,16,2,88,6,0,375,8,4.256586399,1219.544534,34,33,34,34,34,34,1,34,33,1,33,1,1,34,34,1,0,0,87.94117647,32.82022472,87.94117647,32.71910112,0,0,0,0,0,0,87.85294118,32.79775281,0,0.511456628,0.078559738,0,0,0,0.103109656,,,,,,,0.1536,0,0,0,0.2016,0,0,0,1.3125,,,,,,,57,62,2.8,0,17,0,,0,0,0,0,0,0
5,car-report,1-CarReport,me.kuehle.carreport.gui.dialog.EditFuelTypeDialogFragment.save(),2,2,2,3,1,0,1843,0,1,0.276135833,1843,0,1,0.833333333,1843,0,0.292099744,0.744186047,4.056603774,9,0,0,1.074712644,10,0,9.124031008,37,0.396418915,0.125988158,0.742307489,0.117647059,0.117647059,0.029411765,0.032258065,0.029411765,9.615384615,0.066666667,11.06666667,0.666666667,40.73333333,0,2.166666667,0,0,1.176470588,0.7,12.5,31,16,2,88,6,0,375,8,4.256586399,1219.544534,34,33,34,34,34,34,1,34,33,1,33,1,1,34,34,1,0,0,87.94117647,32.82022472,87.94117647,32.71910112,0,0,0,0,0,0,87.85294118,32.79775281,0,0.511456628,0.078559738,0,0,0,0.103109656,,,,,,,0.1536,0,0,0,0.2016,0,0,0,1.3125,,,,,,,57,62,2.8,0,17,1,12,1,0.325474787,0,0,1,1
26,car-report,1-CarReport,me.kuehle.carreport.gui.dialog.EditFuelTypeDialogFragment.save(),1,4,4,3,1,0,1843,0,1,0.276135833,1843,0,1,0.833333333,1843,0,0.292099744,0.744186047,4.056603774,9,0,0,1.074712644,10,0,9.124031008,37,0.396418915,0.125988158,0.742307489,0.117647059,0.117647059,0.029411765,0.032258065,0.029411765,9.615384615,0.066666667,11.06666667,0.666666667,40.73333333,0,2.166666667,0,0,1.176470588,0.7,12.5,31,16,2,88,6,0,375,8,4.256586399,1219.544534,34,33,34,34,34,34,1,34,33,1,33,1,1,34,34,1,0,0,87.94117647,32.82022472,87.94117647,32.71910112,0,0,0,0,0,0,87.85294118,32.79775281,0,0.511456628,0.078559738,0,0,0,0.103109656,,,,,,,0.1536,0,0,0,0.2016,0,0,0,1.3125,,,,,,,57,62,2.8,0,17,1,319,1,0.124426981,0,0,1,1
31,car-report,1-CarReport,me.kuehle.carreport.gui.dialog.EditFuelTypeDialogFragment.save(),1,3,2,3,1,0,1843,0,1,0.276135833,1843,0,1,0.833333333,1843,0,0.292099744,0.744186047,4.056603774,9,0,0,1.074712644,10,0,9.124031008,37,0.396418915,0.125988158,0.742307489,0.117647059,0.117647059,0.029411765,0.032258065,0.029411765,9.615384615,0.066666667,11.06666667,0.666666667,40.73333333,0,2.166666667,0,0,1.176470588,0.7,12.5,31,16,2,88,6,0,375,8,4.256586399,1219.544534,34,33,34,34,34,34,1,34,33,1,33,1,1,34,34,1,0,0,87.94117647,32.82022472,87.94117647,32.71910112,0,0,0,0,0,0,87.85294118,32.79775281,0,0.511456628,0.078559738,0,0,0,0.103109656,,,,,,,0.1536,0,0,0,0.2016,0,0,0,1.3125,,,,,,,57,62,2.8,0,17,1,192,0,0,0,0,1,1
15,car-report,1-CarReport,me.kuehle.carreport.gui.dialog.EditFuelTypeDialogFragment.save(),2,4,4,3,1,0,1843,0,1,0.276135833,1843,0,1,0.833333333,1843,0,0.292099744,0.744186047,4.056603774,9,0,0,1.074712644,10,0,9.124031008,37,0.396418915,0.125988158,0.742307489,0.117647059,0.117647059,0.029411765,0.032258065,0.029411765,9.615384615,0.066666667,11.06666667,0.666666667,40.73333333,0,2.166666667,0,0,1.176470588,0.7,12.5,31,16,2,88,6,0,375,8,4.256586399,1219.544534,34,33,34,34,34,34,1,34,33,1,33,1,1,34,34,1,0,0,87.94117647,32.82022472,87.94117647,32.71910112,0,0,0,0,0,0,87.85294118,32.79775281,0,0.511456628,0.078559738,0,0,0,0.103109656,,,,,,,0.1536,0,0,0,0.2016,0,0,0,1.3125,,,,,,,57,62,2.8,0,17,1,667,1,0,0,0,1,1
50,car-report,1-CarReport,me.kuehle.carreport.gui.dialog.EditFuelTypeDialogFragment.save(),1,2,2,3,1,0,1843,0,1,0.276135833,1843,0,1,0.833333333,1843,0,0.292099744,0.744186047,4.056603774,9,0,0,1.074712644,10,0,9.124031008,37,0.396418915,0.125988158,0.742307489,0.117647059,0.117647059,0.029411765,0.032258065,0.029411765,9.615384615,0.066666667,11.06666667,0.666666667,40.73333333,0,2.166666667,0,0,1.176470588,0.7,12.5,31,16,2,88,6,0,375,8,4.256586399,1219.544534,34,33,34,34,34,34,1,34,33,1,33,1,1,34,34,1,0,0,87.94117647,32.82022472,87.94117647,32.71910112,0,0,0,0,0,0,87.85294118,32.79775281,0,0.511456628,0.078559738,0,0,0,0.103109656,,,,,,,0.1536,0,0,0,0.2016,0,0,0,1.3125,,,,,,,57,62,2.8,0,17,1,17,2,0.644400786,1,0,0,1
23,car-report,1-CarReport,me.kuehle.carreport.gui.dialog.EditFuelTypeDialogFragment.save(),1,2,1,3,1,0,1843,0,1,0.276135833,1843,0,1,0.833333333,1843,0,0.292099744,0.744186047,4.056603774,9,0,0,1.074712644,10,0,9.124031008,37,0.396418915,0.125988158,0.742307489,0.117647059,0.117647059,0.029411765,0.032258065,0.029411765,9.615384615,0.066666667,11.06666667,0.666666667,40.73333333,0,2.166666667,0,0,1.176470588,0.7,12.5,31,16,2,88,6,0,375,8,4.256586399,1219.544534,34,33,34,34,34,34,1,34,33,1,33,1,1,34,34,1,0,0,87.94117647,32.82022472,87.94117647,32.71910112,0,0,0,0,0,0,87.85294118,32.79775281,0,0.511456628,0.078559738,0,0,0,0.103109656,,,,,,,0.1536,0,0,0,0.2016,0,0,0,1.3125,,,,,,,57,62,2.8,0,17,0,,0,0,0,0,0,0
70,car-report,1-CarReport,me.kuehle.carreport.gui.dialog.EditFuelTypeDialogFragment.save(),1,3,2,3,1,0,1843,0,1,0.276135833,1843,0,1,0.833333333,1843,0,0.292099744,0.744186047,4.056603774,9,0,0,1.074712644,10,0,9.124031008,37,0.396418915,0.125988158,0.742307489,0.117647059,0.117647059,0.029411765,0.032258065,0.029411765,9.615384615,0.066666667,11.06666667,0.666666667,40.73333333,0,2.166666667,0,0,1.176470588,0.7,12.5,31,16,2,88,6,0,375,8,4.256586399,1219.544534,34,33,34,34,34,34,1,34,33,1,33,1,1,34,34,1,0,0,87.94117647,32.82022472,87.94117647,32.71910112,0,0,0,0,0,0,87.85294118,32.79775281,0,0.511456628,0.078559738,0,0,0,0.103109656,,,,,,,0.1536,0,0,0,0.2016,0,0,0,1.3125,,,,,,,57,62,2.8,0,17,0,,0,0,0,0,0,0
82,car-report,1-CarReport,me.kuehle.carreport.gui.dialog.EditFuelTypeDialogFragment.save(),4,10,7,3,1,0,1843,0,1,0.276135833,1843,0,1,0.833333333,1843,0,0.292099744,0.744186047,4.056603774,9,0,0,1.074712644,10,0,9.124031008,37,0.396418915,0.125988158,0.742307489,0.117647059,0.117647059,0.029411765,0.032258065,0.029411765,9.615384615,0.066666667,11.06666667,0.666666667,40.73333333,0,2.166666667,0,0,1.176470588,0.7,12.5,31,16,2,88,6,0,375,8,4.256586399,1219.544534,34,33,34,34,34,34,1,34,33,1,33,1,1,34,34,1,0,0,87.94117647,32.82022472,87.94117647,32.71910112,0,0,0,0,0,0,87.85294118,32.79775281,0,0.511456628,0.078559738,0,0,0,0.103109656,,,,,,,0.1536,0,0,0,0.2016,0,0,0,1.3125,,,,,,,57,62,2.8,0,17,0,,0,0,0,0,0,0
6,car-report,2-CarReport,me.kuehle.carreport.gui.dialog.SetupWebDavSyncDialogActivity.onCreate(android.os.Bundle),2,3,3,2,0.75,0,16,0.001978491,0.75,0,5353.413793,0.086660716,0.75,0,11904,0.167139076,0.141092256,0.789090909,3.846153846,11,0,0,3.015060241,20,0,8.254545455,45,0.252004307,0.138675049,0.421997858,0.142857143,0.102040816,0.142857143,0.022222222,0,9.454545455,0,10.27272727,0.5,46.40909091,0,3,0,0,1.020408163,0.977272727,11.72727273,33,16,5,106,8,0,516,30,4.621689901,2117.798355,49,49,49,49,1,1,48,49,44,1,49,1,1,47,49,48,0,0,106,47.87850467,105.9387755,47.77570093,0,0,0,0,0,0,105.8571429,47.73831776,0,0.611165524,0.045053869,0,0,0,0.091087169,,,,,,,0.073717949,0,0,0,0.149038462,0,0,0,2.02173913,,,,,,,200,283,3,1,23,1,66,2,0.580222659,1,0,0,1
27,car-report,2-CarReport,me.kuehle.carreport.gui.dialog.SetupWebDavSyncDialogActivity.onCreate(android.os.Bundle),1,5,5,2,0.75,0,16,0.001978491,0.75,0,5353.413793,0.086660716,0.75,0,11904,0.167139076,0.141092256,0.789090909,3.846153846,11,0,0,3.015060241,20,0,8.254545455,45,0.252004307,0.138675049,0.421997858,0.142857143,0.102040816,0.142857143,0.022222222,0,9.454545455,0,10.27272727,0.5,46.40909091,0,3,0,0,1.020408163,0.977272727,11.72727273,33,16,5,106,8,0,516,30,4.621689901,2117.798355,49,49,49,49,1,1,48,49,44,1,49,1,1,47,49,48,0,0,106,47.87850467,105.9387755,47.77570093,0,0,0,0,0,0,105.8571429,47.73831776,0,0.611165524,0.045053869,0,0,0,0.091087169,,,,,,,0.073717949,0,0,0,0.149038462,0,0,0,2.02173913,,,,,,,200,283,3,1,23,1,25,2,0.633922724,1,0,0,1
26,car-report,2-CarReport,me.kuehle.carreport.gui.dialog.SetupWebDavSyncDialogActivity.onCreate(android.os.Bundle),1,4,4,2,0.75,0,16,0.001978491,0.75,0,5353.413793,0.086660716,0.75,0,11904,0.167139076,0.141092256,0.789090909,3.846153846,11,0,0,3.015060241,20,0,8.254545455,45,0.252004307,0.138675049,0.421997858,0.142857143,0.102040816,0.142857143,0.022222222,0,9.454545455,0,10.27272727,0.5,46.40909091,0,3,0,0,1.020408163,0.977272727,11.72727273,33,16,5,106,8,0,516,30,4.621689901,2117.798355,49,49,49,49,1,1,48,49,44,1,49,1,1,47,49,48,0,0,106,47.87850467,105.9387755,47.77570093,0,0,0,0,0,0,105.8571429,47.73831776,0,0.611165524,0.045053869,0,0,0,0.091087169,,,,,,,0.073717949,0,0,0,0.149038462,0,0,0,2.02173913,,,,,,,200,283,3,1,23,0,,0,0,0,0,0,0
41,car-report,2-CarReport,me.kuehle.carreport.gui.dialog.SetupWebDavSyncDialogActivity.onCreate(android.os.Bundle),1,2,1,2,0.75,0,16,0.001978491,0.75,0,5353.413793,0.086660716,0.75,0,11904,0.167139076,0.141092256,0.789090909,3.846153846,11,0,0,3.015060241,20,0,8.254545455,45,0.252004307,0.138675049,0.421997858,0.142857143,0.102040816,0.142857143,0.022222222,0,9.454545455,0,10.27272727,0.5,46.40909091,0,3,0,0,1.020408163,0.977272727,11.72727273,33,16,5,106,8,0,516,30,4.621689901,2117.798355,49,49,49,49,1,1,48,49,44,1,49,1,1,47,49,48,0,0,106,47.87850467,105.9387755,47.77570093,0,0,0,0,0,0,105.8571429,47.73831776,0,0.611165524,0.045053869,0,0,0,0.091087169,,,,,,,0.073717949,0,0,0,0.149038462,0,0,0,2.02173913,,,,,,,200,283,3,1,23,0,,0,0,0,0,0,0
15,car-report,2-CarReport,me.kuehle.carreport.gui.dialog.SetupWebDavSyncDialogActivity.onCreate(android.os.Bundle),2,4,4,2,0.75,0,16,0.001978491,0.75,0,5353.413793,0.086660716,0.75,0,11904,0.167139076,0.141092256,0.789090909,3.846153846,11,0,0,3.015060241,20,0,8.254545455,45,0.252004307,0.138675049,0.421997858,0.142857143,0.102040816,0.142857143,0.022222222,0,9.454545455,0,10.27272727,0.5,46.40909091,0,3,0,0,1.020408163,0.977272727,11.72727273,33,16,5,106,8,0,516,30,4.621689901,2117.798355,49,49,49,49,1,1,48,49,44,1,49,1,1,47,49,48,0,0,106,47.87850467,105.9387755,47.77570093,0,0,0,0,0,0,105.8571429,47.73831776,0,0.611165524,0.045053869,0,0,0,0.091087169,,,,,,,0.073717949,0,0,0,0.149038462,0,0,0,2.02173913,,,,,,,200,283,3,1,23,1,153,2,0.466273739,1,0,0,1
50,car-report,2-CarReport,me.kuehle.carreport.gui.dialog.SetupWebDavSyncDialogActivity.onCreate(android.os.Bundle),1,2,2,2,0.75,0,16,0.001978491,0.75,0,5353.413793,0.086660716,0.75,0,11904,0.167139076,0.141092256,0.789090909,3.846153846,11,0,0,3.015060241,20,0,8.254545455,45,0.252004307,0.138675049,0.421997858,0.142857143,0.102040816,0.142857143,0.022222222,0,9.454545455,0,10.27272727,0.5,46.40909091,0,3,0,0,1.020408163,0.977272727,11.72727273,33,16,5,106,8,0,516,30,4.621689901,2117.798355,49,49,49,49,1,1,48,49,44,1,49,1,1,47,49,48,0,0,106,47.87850467,105.9387755,47.77570093,0,0,0,0,0,0,105.8571429,47.73831776,0,0.611165524,0.045053869,0,0,0,0.091087169,,,,,,,0.073717949,0,0,0,0.149038462,0,0,0,2.02173913,,,,,,,200,283,3,1,23,1,11,2,0.652259332,1,0,0,1
23,car-report,2-CarReport,me.kuehle.carreport.gui.dialog.SetupWebDavSyncDialogActivity.onCreate(android.os.Bundle),1,2,1,2,0.75,0,16,0.001978491,0.75,0,5353.413793,0.086660716,0.75,0,11904,0.167139076,0.141092256,0.789090909,3.846153846,11,0,0,3.015060241,20,0,8.254545455,45,0.252004307,0.138675049,0.421997858,0.142857143,0.102040816,0.142857143,0.022222222,0,9.454545455,0,10.27272727,0.5,46.40909091,0,3,0,0,1.020408163,0.977272727,11.72727273,33,16,5,106,8,0,516,30,4.621689901,2117.798355,49,49,49,49,1,1,48,49,44,1,49,1,1,47,49,48,0,0,106,47.87850467,105.9387755,47.77570093,0,0,0,0,0,0,105.8571429,47.73831776,0,0.611165524,0.045053869,0,0,0,0.091087169,,,,,,,0.073717949,0,0,0,0.149038462,0,0,0,2.02173913,,,,,,,200,283,3,1,23,1,60,3,0.882121807,1,1,0,0
70,car-report,2-CarReport,me.kuehle.carreport.gui.dialog.SetupWebDavSyncDialogActivity.onCreate(android.os.Bundle),1,3,2,2,0.75,0,16,0.001978491,0.75,0,5353.413793,0.086660716,0.75,0,11904,0.167139076,0.141092256,0.789090909,3.846153846,11,0,0,3.015060241,20,0,8.254545455,45,0.252004307,0.138675049,0.421997858,0.142857143,0.102040816,0.142857143,0.022222222,0,9.454545455,0,10.27272727,0.5,46.40909091,0,3,0,0,1.020408163,0.977272727,11.72727273,33,16,5,106,8,0,516,30,4.621689901,2117.798355,49,49,49,49,1,1,48,49,44,1,49,1,1,47,49,48,0,0,106,47.87850467,105.9387755,47.77570093,0,0,0,0,0,0,105.8571429,47.73831776,0,0.611165524,0.045053869,0,0,0,0.091087169,,,,,,,0.073717949,0,0,0,0.149038462,0,0,0,2.02173913,,,,,,,200,283,3,1,23,0,,0,0,0,0,0,0
84,car-report,2-CarReport,me.kuehle.carreport.gui.dialog.SetupWebDavSyncDialogActivity.onCreate(android.os.Bundle),4,2,6,2,0.75,0,16,0.001978491,0.75,0,5353.413793,0.086660716,0.75,0,11904,0.167139076,0.141092256,0.789090909,3.846153846,11,0,0,3.015060241,20,0,8.254545455,45,0.252004307,0.138675049,0.421997858,0.142857143,0.102040816,0.142857143,0.022222222,0,9.454545455,0,10.27272727,0.5,46.40909091,0,3,0,0,1.020408163,0.977272727,11.72727273,33,16,5,106,8,0,516,30,4.621689901,2117.798355,49,49,49,49,1,1,48,49,44,1,49,1,1,47,49,48,0,0,106,47.87850467,105.9387755,47.77570093,0,0,0,0,0,0,105.8571429,47.73831776,0,0.611165524,0.045053869,0,0,0,0.091087169,,,,,,,0.073717949,0,0,0,0.149038462,0,0,0,2.02173913,,,,,,,200,283,3,1,23,1,59,3,0.884086444,1,1,0,0
6,car-report,3-CarReport,"me.kuehle.carreport.gui.MainActivity.handleFABClick(int,int)",2,3,3,4,0.96875,0,11,7.53E-05,0.993055556,0.186447222,1634,0.049917156,1,1,4477,0.144541134,0.269684702,0.920289855,4.582677165,10,0,0,2.38172043,9,0,9.130434783,45,0.524781294,0.297044263,0.882352941,0.266666667,0.1,0.333333333,0.035714286,0.033333333,8.375,0.037037037,14.51851852,0.888888889,51,0.037037037,2.962962963,0.037037037,0.1,1.2,0.703703704,17.18518519,23,28,6,100,8,1,464,8,4.354108284,1518.987539,30,30,29,30,30,30,30,28,29,30,30,30,30,30,30,30,0,0,99.96666667,28.82178218,100,28.82178218,0,0,100,29,0,0,99.8,28.74257426,0,0.477124183,0.068990559,0,0.013071895,0,0.10530138,,,,,,,0.144596651,0,0.02739726,0,0.220700152,0,0.189473684,0,1.526315789,,,,0,8.055555556,,25,25,3,2,14,1,111,2,0.521283563,1,0,0,1
27,car-report,3-CarReport,"me.kuehle.carreport.gui.MainActivity.handleFABClick(int,int)",1,5,5,4,0.96875,0,11,7.53E-05,0.993055556,0.186447222,1634,0.049917156,1,1,4477,0.144541134,0.269684702,0.920289855,4.582677165,10,0,0,2.38172043,9,0,9.130434783,45,0.524781294,0.297044263,0.882352941,0.266666667,0.1,0.333333333,0.035714286,0.033333333,8.375,0.037037037,14.51851852,0.888888889,51,0.037037037,2.962962963,0.037037037,0.1,1.2,0.703703704,17.18518519,23,28,6,100,8,1,464,8,4.354108284,1518.987539,30,30,29,30,30,30,30,28,29,30,30,30,30,30,30,30,0,0,99.96666667,28.82178218,100,28.82178218,0,0,100,29,0,0,99.8,28.74257426,0,0.477124183,0.068990559,0,0.013071895,0,0.10530138,,,,,,,0.144596651,0,0.02739726,0,0.220700152,0,0.189473684,0,1.526315789,,,,0,8.055555556,,25,25,3,2,14,1,50,1,0.300589391,0,0,1,1
26,car-report,3-CarReport,"me.kuehle.carreport.gui.MainActivity.handleFABClick(int,int)",1,4,4,4,0.96875,0,11,7.53E-05,0.993055556,0.186447222,1634,0.049917156,1,1,4477,0.144541134,0.269684702,0.920289855,4.582677165,10,0,0,2.38172043,9,0,9.130434783,45,0.524781294,0.297044263,0.882352941,0.266666667,0.1,0.333333333,0.035714286,0.033333333,8.375,0.037037037,14.51851852,0.888888889,51,0.037037037,2.962962963,0.037037037,0.1,1.2,0.703703704,17.18518519,23,28,6,100,8,1,464,8,4.354108284,1518.987539,30,30,29,30,30,30,30,28,29,30,30,30,30,30,30,30,0,0,99.96666667,28.82178218,100,28.82178218,0,0,100,29,0,0,99.8,28.74257426,0,0.477124183,0.068990559,0,0.013071895,0,0.10530138,,,,,,,0.144596651,0,0.02739726,0,0.220700152,0,0.189473684,0,1.526315789,,,,0,8.055555556,,25,25,3,2,14,0,,0,0,0,0,0,0
41,car-report,3-CarReport,"me.kuehle.carreport.gui.MainActivity.handleFABClick(int,int)",1,2,1,4,0.96875,0,11,7.53E-05,0.993055556,0.186447222,1634,0.049917156,1,1,4477,0.144541134,0.269684702,0.920289855,4.582677165,10,0,0,2.38172043,9,0,9.130434783,45,0.524781294,0.297044263,0.882352941,0.266666667,0.1,0.333333333,0.035714286,0.033333333,8.375,0.037037037,14.51851852,0.888888889,51,0.037037037,2.962962963,0.037037037,0.1,1.2,0.703703704,17.18518519,23,28,6,100,8,1,464,8,4.354108284,1518.987539,30,30,29,30,30,30,30,28,29,30,30,30,30,30,30,30,0,0,99.96666667,28.82178218,100,28.82178218,0,0,100,29,0,0,99.8,28.74257426,0,0.477124183,0.068990559,0,0.013071895,0,0.10530138,,,,,,,0.144596651,0,0.02739726,0,0.220700152,0,0.189473684,0,1.526315789,,,,0,8.055555556,,25,25,3,2,14,0,,0,0,0,0,0,0
15,car-report,3-CarReport,"me.kuehle.carreport.gui.MainActivity.handleFABClick(int,int)",2,4,4,4,0.96875,0,11,7.53E-05,0.993055556,0.186447222,1634,0.049917156,1,1,4477,0.144541134,0.269684702,0.920289855,4.582677165,10,0,0,2.38172043,9,0,9.130434783,45,0.524781294,0.297044263,0.882352941,0.266666667,0.1,0.333333333,0.035714286,0.033333333,8.375,0.037037037,14.51851852,0.888888889,51,0.037037037,2.962962963,0.037037037,0.1,1.2,0.703703704,17.18518519,23,28,6,100,8,1,464,8,4.354108284,1518.987539,30,30,29,30,30,30,30,28,29,30,30,30,30,30,30,30,0,0,99.96666667,28.82178218,100,28.82178218,0,0,100,29,0,0,99.8,28.74257426,0,0.477124183,0.068990559,0,0.013071895,0,0.10530138,,,,,,,0.144596651,0,0.02739726,0,0.220700152,0,0.189473684,0,1.526315789,,,,0,8.055555556,,25,25,3,2,14,1,84,1,0.27832351,0,0,1,1
48,car-report,3-CarReport,"me.kuehle.carreport.gui.MainActivity.handleFABClick(int,int)",3,6,1,4,0.96875,0,11,7.53E-05,0.993055556,0.186447222,1634,0.049917156,1,1,4477,0.144541134,0.269684702,0.920289855,4.582677165,10,0,0,2.38172043,9,0,9.130434783,45,0.524781294,0.297044263,0.882352941,0.266666667,0.1,0.333333333,0.035714286,0.033333333,8.375,0.037037037,14.51851852,0.888888889,51,0.037037037,2.962962963,0.037037037,0.1,1.2,0.703703704,17.18518519,23,28,6,100,8,1,464,8,4.354108284,1518.987539,30,30,29,30,30,30,30,28,29,30,30,30,30,30,30,30,0,0,99.96666667,28.82178218,100,28.82178218,0,0,100,29,0,0,99.8,28.74257426,0,0.477124183,0.068990559,0,0.013071895,0,0.10530138,,,,,,,0.144596651,0,0.02739726,0,0.220700152,0,0.189473684,0,1.526315789,,,,0,8.055555556,,25,25,3,2,14,0,,0,0,0,0,0,0
58,car-report,3-CarReport,"me.kuehle.carreport.gui.MainActivity.handleFABClick(int,int)",2,4,2,4,0.96875,0,11,7.53E-05,0.993055556,0.186447222,1634,0.049917156,1,1,4477,0.144541134,0.269684702,0.920289855,4.582677165,10,0,0,2.38172043,9,0,9.130434783,45,0.524781294,0.297044263,0.882352941,0.266666667,0.1,0.333333333,0.035714286,0.033333333,8.375,0.037037037,14.51851852,0.888888889,51,0.037037037,2.962962963,0.037037037,0.1,1.2,0.703703704,17.18518519,23,28,6,100,8,1,464,8,4.354108284,1518.987539,30,30,29,30,30,30,30,28,29,30,30,30,30,30,30,30,0,0,99.96666667,28.82178218,100,28.82178218,0,0,100,29,0,0,99.8,28.74257426,0,0.477124183,0.068990559,0,0.013071895,0,0.10530138,,,,,,,0.144596651,0,0.02739726,0,0.220700152,0,0.189473684,0,1.526315789,,,,0,8.055555556,,25,25,3,2,14,1,42,1,0.305828422,0,0,1,1
70,car-report,3-CarReport,"me.kuehle.carreport.gui.MainActivity.handleFABClick(int,int)",1,3,2,4,0.96875,0,11,7.53E-05,0.993055556,0.186447222,1634,0.049917156,1,1,4477,0.144541134,0.269684702,0.920289855,4.582677165,10,0,0,2.38172043,9,0,9.130434783,45,0.524781294,0.297044263,0.882352941,0.266666667,0.1,0.333333333,0.035714286,0.033333333,8.375,0.037037037,14.51851852,0.888888889,51,0.037037037,2.962962963,0.037037037,0.1,1.2,0.703703704,17.18518519,23,28,6,100,8,1,464,8,4.354108284,1518.987539,30,30,29,30,30,30,30,28,29,30,30,30,30,30,30,30,0,0,99.96666667,28.82178218,100,28.82178218,0,0,100,29,0,0,99.8,28.74257426,0,0.477124183,0.068990559,0,0.013071895,0,0.10530138,,,,,,,0.144596651,0,0.02739726,0,0.220700152,0,0.189473684,0,1.526315789,,,,0,8.055555556,,25,25,3,2,14,1,17,3,0.966601179,1,1,0,0
84,car-report,3-CarReport,"me.kuehle.carreport.gui.MainActivity.handleFABClick(int,int)",4,2,6,4,0.96875,0,11,7.53E-05,0.993055556,0.186447222,1634,0.049917156,1,1,4477,0.144541134,0.269684702,0.920289855,4.582677165,10,0,0,2.38172043,9,0,9.130434783,45,0.524781294,0.297044263,0.882352941,0.266666667,0.1,0.333333333,0.035714286,0.033333333,8.375,0.037037037,14.51851852,0.888888889,51,0.037037037,2.962962963,0.037037037,0.1,1.2,0.703703704,17.18518519,23,28,6,100,8,1,464,8,4.354108284,1518.987539,30,30,29,30,30,30,30,28,29,30,30,30,30,30,30,30,0,0,99.96666667,28.82178218,100,28.82178218,0,0,100,29,0,0,99.8,28.74257426,0,0.477124183,0.068990559,0,0.013071895,0,0.10530138,,,,,,,0.144596651,0,0.02739726,0,0.220700152,0,0.189473684,0,1.526315789,,,,0,8.055555556,,25,25,3,2,14,1,18,3,0.964636542,1,1,0,0
12,car-report,4-CarReport,"me.kuehle.carreport.gui.ReportFragment.showFullScreenChart(me.kuehle.carreport.data.report.AbstractReport,lecho.lib.hellocharts.view.ComboLineColumnChartView)",4,10,2,3,0.916666667,0,0,0,0.958333333,0.333333333,3145.782609,0.05360382,1,1,10214,0.167139076,0.284983337,0.808259587,4.099071207,10,0.569321534,6,2.216080402,18,100,10.24188791,52,0.329240971,0.188982237,0.606091527,0.192982456,0.136363636,0.245614035,0.020408163,0.035087719,11.20422535,0.041666667,12.5,0.333333333,52.95833333,0,2.958333333,0.083333333,0.105263158,0.877192982,0.958333333,13.9375,29,32,2,86,6,1,746,28,4.577846152,2383.069903,66,57,57,66,57,57,57,57,66,1,57,57,57,53,57,57,83.63636364,65,84.87878788,64.84883721,84.93939394,64.86046512,0,0,0,0,0,0,84.92424242,64.73255814,0.161332893,0.526228967,0.021774992,0,0,0,0.069943913,3.261758691,0.134969325,0,0,0,0.433537832,0.04137931,0,0,0,0.132915361,0,0,0,3.212121212,,,,,,,118,130,2.333333333,2,29,1,136,3,0.73280943,1,1,0,0
27,car-report,4-CarReport,"me.kuehle.carreport.gui.ReportFragment.showFullScreenChart(me.kuehle.carreport.data.report.AbstractReport,lecho.lib.hellocharts.view.ComboLineColumnChartView)",1,5,5,3,0.916666667,0,0,0,0.958333333,0.333333333,3145.782609,0.05360382,1,1,10214,0.167139076,0.284983337,0.808259587,4.099071207,10,0.569321534,6,2.216080402,18,100,10.24188791,52,0.329240971,0.188982237,0.606091527,0.192982456,0.136363636,0.245614035,0.020408163,0.035087719,11.20422535,0.041666667,12.5,0.333333333,52.95833333,0,2.958333333,0.083333333,0.105263158,0.877192982,0.958333333,13.9375,29,32,2,86,6,1,746,28,4.577846152,2383.069903,66,57,57,66,57,57,57,57,66,1,57,57,57,53,57,57,83.63636364,65,84.87878788,64.84883721,84.93939394,64.86046512,0,0,0,0,0,0,84.92424242,64.73255814,0.161332893,0.526228967,0.021774992,0,0,0,0.069943913,3.261758691,0.134969325,0,0,0,0.433537832,0.04137931,0,0,0,0.132915361,0,0,0,3.212121212,,,,,,,118,130,2.333333333,2,29,1,38,0,0,0,0,1,1
26,car-report,4-CarReport,"me.kuehle.carreport.gui.ReportFragment.showFullScreenChart(me.kuehle.carreport.data.report.AbstractReport,lecho.lib.hellocharts.view.ComboLineColumnChartView)",1,4,4,3,0.916666667,0,0,0,0.958333333,0.333333333,3145.782609,0.05360382,1,1,10214,0.167139076,0.284983337,0.808259587,4.099071207,10,0.569321534,6,2.216080402,18,100,10.24188791,52,0.329240971,0.188982237,0.606091527,0.192982456,0.136363636,0.245614035,0.020408163,0.035087719,11.20422535,0.041666667,12.5,0.333333333,52.95833333,0,2.958333333,0.083333333,0.105263158,0.877192982,0.958333333,13.9375,29,32,2,86,6,1,746,28,4.577846152,2383.069903,66,57,57,66,57,57,57,57,66,1,57,57,57,53,57,57,83.63636364,65,84.87878788,64.84883721,84.93939394,64.86046512,0,0,0,0,0,0,84.92424242,64.73255814,0.161332893,0.526228967,0.021774992,0,0,0,0.069943913,3.261758691,0.134969325,0,0,0,0.433537832,0.04137931,0,0,0,0.132915361,0,0,0,3.212121212,,,,,,,118,130,2.333333333,2,29,0,,0,0,0,0,0,0
41,car-report,4-CarReport,"me.kuehle.carreport.gui.ReportFragment.showFullScreenChart(me.kuehle.carreport.data.report.AbstractReport,lecho.lib.hellocharts.view.ComboLineColumnChartView)",1,2,1,3,0.916666667,0,0,0,0.958333333,0.333333333,3145.782609,0.05360382,1,1,10214,0.167139076,0.284983337,0.808259587,4.099071207,10,0.569321534,6,2.216080402,18,100,10.24188791,52,0.329240971,0.188982237,0.606091527,0.192982456,0.136363636,0.245614035,0.020408163,0.035087719,11.20422535,0.041666667,12.5,0.333333333,52.95833333,0,2.958333333,0.083333333,0.105263158,0.877192982,0.958333333,13.9375,29,32,2,86,6,1,746,28,4.577846152,2383.069903,66,57,57,66,57,57,57,57,66,1,57,57,57,53,57,57,83.63636364,65,84.87878788,64.84883721,84.93939394,64.86046512,0,0,0,0,0,0,84.92424242,64.73255814,0.161332893,0.526228967,0.021774992,0,0,0,0.069943913,3.261758691,0.134969325,0,0,0,0.433537832,0.04137931,0,0,0,0.132915361,0,0,0,3.212121212,,,,,,,118,130,2.333333333,2,29,0,,0,0,0,0,0,0
15,car-report,4-CarReport,"me.kuehle.carreport.gui.ReportFragment.showFullScreenChart(me.kuehle.carreport.data.report.AbstractReport,lecho.lib.hellocharts.view.ComboLineColumnChartView)",2,4,4,3,0.916666667,0,0,0,0.958333333,0.333333333,3145.782609,0.05360382,1,1,10214,0.167139076,0.284983337,0.808259587,4.099071207,10,0.569321534,6,2.216080402,18,100,10.24188791,52,0.329240971,0.188982237,0.606091527,0.192982456,0.136363636,0.245614035,0.020408163,0.035087719,11.20422535,0.041666667,12.5,0.333333333,52.95833333,0,2.958333333,0.083333333,0.105263158,0.877192982,0.958333333,13.9375,29,32,2,86,6,1,746,28,4.577846152,2383.069903,66,57,57,66,57,57,57,57,66,1,57,57,57,53,57,57,83.63636364,65,84.87878788,64.84883721,84.93939394,64.86046512,0,0,0,0,0,0,84.92424242,64.73255814,0.161332893,0.526228967,0.021774992,0,0,0,0.069943913,3.261758691,0.134969325,0,0,0,0.433537832,0.04137931,0,0,0,0.132915361,0,0,0,3.212121212,,,,,,,118,130,2.333333333,2,29,0,,0,0,0,0,0,0
48,car-report,4-CarReport,"me.kuehle.carreport.gui.ReportFragment.showFullScreenChart(me.kuehle.carreport.data.report.AbstractReport,lecho.lib.hellocharts.view.ComboLineColumnChartView)",3,6,1,3,0.916666667,0,0,0,0.958333333,0.333333333,3145.782609,0.05360382,1,1,10214,0.167139076,0.284983337,0.808259587,4.099071207,10,0.569321534,6,2.216080402,18,100,10.24188791,52,0.329240971,0.188982237,0.606091527,0.192982456,0.136363636,0.245614035,0.020408163,0.035087719,11.20422535,0.041666667,12.5,0.333333333,52.95833333,0,2.958333333,0.083333333,0.105263158,0.877192982,0.958333333,13.9375,29,32,2,86,6,1,746,28,4.577846152,2383.069903,66,57,57,66,57,57,57,57,66,1,57,57,57,53,57,57,83.63636364,65,84.87878788,64.84883721,84.93939394,64.86046512,0,0,0,0,0,0,84.92424242,64.73255814,0.161332893,0.526228967,0.021774992,0,0,0,0.069943913,3.261758691,0.134969325,0,0,0,0.433537832,0.04137931,0,0,0,0.132915361,0,0,0,3.212121212,,,,,,,118,130,2.333333333,2,29,0,,0,0,0,0,0,0
58,car-report,4-CarReport,"me.kuehle.carreport.gui.ReportFragment.showFullScreenChart(me.kuehle.carreport.data.report.AbstractReport,lecho.lib.hellocharts.view.ComboLineColumnChartView)",2,4,2,3,0.916666667,0,0,0,0.958333333,0.333333333,3145.782609,0.05360382,1,1,10214,0.167139076,0.284983337,0.808259587,4.099071207,10,0.569321534,6,2.216080402,18,100,10.24188791,52,0.329240971,0.188982237,0.606091527,0.192982456,0.136363636,0.245614035,0.020408163,0.035087719,11.20422535,0.041666667,12.5,0.333333333,52.95833333,0,2.958333333,0.083333333,0.105263158,0.877192982,0.958333333,13.9375,29,32,2,86,6,1,746,28,4.577846152,2383.069903,66,57,57,66,57,57,57,57,66,1,57,57,57,53,57,57,83.63636364,65,84.87878788,64.84883721,84.93939394,64.86046512,0,0,0,0,0,0,84.92424242,64.73255814,0.161332893,0.526228967,0.021774992,0,0,0,0.069943913,3.261758691,0.134969325,0,0,0,0.433537832,0.04137931,0,0,0,0.132915361,0,0,0,3.212121212,,,,,,,118,130,2.333333333,2,29,1,65,1,0.290766208,0,0,1,1
75,car-report,4-CarReport,"me.kuehle.carreport.gui.ReportFragment.showFullScreenChart(me.kuehle.carreport.data.report.AbstractReport,lecho.lib.hellocharts.view.ComboLineColumnChartView)",1,3,3,3,0.916666667,0,0,0,0.958333333,0.333333333,3145.782609,0.05360382,1,1,10214,0.167139076,0.284983337,0.808259587,4.099071207,10,0.569321534,6,2.216080402,18,100,10.24188791,52,0.329240971,0.188982237,0.606091527,0.192982456,0.136363636,0.245614035,0.020408163,0.035087719,11.20422535,0.041666667,12.5,0.333333333,52.95833333,0,2.958333333,0.083333333,0.105263158,0.877192982,0.958333333,13.9375,29,32,2,86,6,1,746,28,4.577846152,2383.069903,66,57,57,66,57,57,57,57,66,1,57,57,57,53,57,57,83.63636364,65,84.87878788,64.84883721,84.93939394,64.86046512,0,0,0,0,0,0,84.92424242,64.73255814,0.161332893,0.526228967,0.021774992,0,0,0,0.069943913,3.261758691,0.134969325,0,0,0,0.433537832,0.04137931,0,0,0,0.132915361,0,0,0,3.212121212,,,,,,,118,130,2.333333333,2,29,1,198,2,0.407334643,1,0,0,1
84,car-report,4-CarReport,"me.kuehle.carreport.gui.ReportFragment.showFullScreenChart(me.kuehle.carreport.data.report.AbstractReport,lecho.lib.hellocharts.view.ComboLineColumnChartView)",4,2,6,3,0.916666667,0,0,0,0.958333333,0.333333333,3145.782609,0.05360382,1,1,10214,0.167139076,0.284983337,0.808259587,4.099071207,10,0.569321534,6,2.216080402,18,100,10.24188791,52,0.329240971,0.188982237,0.606091527,0.192982456,0.136363636,0.245614035,0.020408163,0.035087719,11.20422535,0.041666667,12.5,0.333333333,52.95833333,0,2.958333333,0.083333333,0.105263158,0.877192982,0.958333333,13.9375,29,32,2,86,6,1,746,28,4.577846152,2383.069903,66,57,57,66,57,57,57,57,66,1,57,57,57,53,57,57,83.63636364,65,84.87878788,64.84883721,84.93939394,64.86046512,0,0,0,0,0,0,84.92424242,64.73255814,0.161332893,0.526228967,0.021774992,0,0,0,0.069943913,3.261758691,0.134969325,0,0,0,0.433537832,0.04137931,0,0,0,0.132915361,0,0,0,3.212121212,,,,,,,118,130,2.333333333,2,29,1,34,1,0.311067453,0,0,1,1
12,car-report,5-CarReport,me.kuehle.carreport.util.sync.provider.DropboxSyncProvider.downloadFile(),4,10,2,5,0.5,0,1,0,0.75,0,1980.166667,0.207777565,0.916666667,0,4512,0.511819486,0.308735877,0.871794872,4.774774775,9,0,0,2.079754601,10,0,6.974358974,37,0.436069397,0.113960576,0.872871561,0.15625,0.0625,0.1875,0.032258065,0.03125,7.736111111,0.1,11.73333333,0.666666667,39.36666667,0,2.4,0,0.0625,1.125,0.466666667,14.1,18,20,3,101,12,0,423,16,4.171073509,1109.20479,32,32,32,32,32,32,32,32,28,1,28,1,32,29,31,1,0,0,100.9375,30.83333333,100.90625,30.90196078,0,0,101,30.83333333,0,0,100.84375,30.62745098,0,0.401354784,0.067739204,0,0.088907705,0,0.094834886,,,,,,,0.168776371,0,0.221518987,0,0.23628692,0,1.3125,0,1.4,,,,0,1.066666667,,22,26,3,0,16,1,36,2,0.61951539,1,0,0,1
13,car-report,5-CarReport,me.kuehle.carreport.util.sync.provider.DropboxSyncProvider.downloadFile(),1,4,1,5,0.5,0,1,0,0.75,0,1980.166667,0.207777565,0.916666667,0,4512,0.511819486,0.308735877,0.871794872,4.774774775,9,0,0,2.079754601,10,0,6.974358974,37,0.436069397,0.113960576,0.872871561,0.15625,0.0625,0.1875,0.032258065,0.03125,7.736111111,0.1,11.73333333,0.666666667,39.36666667,0,2.4,0,0.0625,1.125,0.466666667,14.1,18,20,3,101,12,0,423,16,4.171073509,1109.20479,32,32,32,32,32,32,32,32,28,1,28,1,32,29,31,1,0,0,100.9375,30.83333333,100.90625,30.90196078,0,0,101,30.83333333,0,0,100.84375,30.62745098,0,0.401354784,0.067739204,0,0.088907705,0,0.094834886,,,,,,,0.168776371,0,0.221518987,0,0.23628692,0,1.3125,0,1.4,,,,0,1.066666667,,22,26,3,0,16,1,369,2,0.183366077,1,0,0,1
31,car-report,5-CarReport,me.kuehle.carreport.util.sync.provider.DropboxSyncProvider.downloadFile(),1,3,2,5,0.5,0,1,0,0.75,0,1980.166667,0.207777565,0.916666667,0,4512,0.511819486,0.308735877,0.871794872,4.774774775,9,0,0,2.079754601,10,0,6.974358974,37,0.436069397,0.113960576,0.872871561,0.15625,0.0625,0.1875,0.032258065,0.03125,7.736111111,0.1,11.73333333,0.666666667,39.36666667,0,2.4,0,0.0625,1.125,0.466666667,14.1,18,20,3,101,12,0,423,16,4.171073509,1109.20479,32,32,32,32,32,32,32,32,28,1,28,1,32,29,31,1,0,0,100.9375,30.83333333,100.90625,30.90196078,0,0,101,30.83333333,0,0,100.84375,30.62745098,0,0.401354784,0.067739204,0,0.088907705,0,0.094834886,,,,,,,0.168776371,0,0.221518987,0,0.23628692,0,1.3125,0,1.4,,,,0,1.066666667,,22,26,3,0,16,1,66,1,0.290111329,0,0,1,1
41,car-report,5-CarReport,me.kuehle.carreport.util.sync.provider.DropboxSyncProvider.downloadFile(),1,2,1,5,0.5,0,1,0,0.75,0,1980.166667,0.207777565,0.916666667,0,4512,0.511819486,0.308735877,0.871794872,4.774774775,9,0,0,2.079754601,10,0,6.974358974,37,0.436069397,0.113960576,0.872871561,0.15625,0.0625,0.1875,0.032258065,0.03125,7.736111111,0.1,11.73333333,0.666666667,39.36666667,0,2.4,0,0.0625,1.125,0.466666667,14.1,18,20,3,101,12,0,423,16,4.171073509,1109.20479,32,32,32,32,32,32,32,32,28,1,28,1,32,29,31,1,0,0,100.9375,30.83333333,100.90625,30.90196078,0,0,101,30.83333333,0,0,100.84375,30.62745098,0,0.401354784,0.067739204,0,0.088907705,0,0.094834886,,,,,,,0.168776371,0,0.221518987,0,0.23628692,0,1.3125,0,1.4,,,,0,1.066666667,,22,26,3,0,16,1,57,2,0.592010478,1,0,0,1
40,car-report,5-CarReport,me.kuehle.carreport.util.sync.provider.DropboxSyncProvider.downloadFile(),1,2,1,5,0.5,0,1,0,0.75,0,1980.166667,0.207777565,0.916666667,0,4512,0.511819486,0.308735877,0.871794872,4.774774775,9,0,0,2.079754601,10,0,6.974358974,37,0.436069397,0.113960576,0.872871561,0.15625,0.0625,0.1875,0.032258065,0.03125,7.736111111,0.1,11.73333333,0.666666667,39.36666667,0,2.4,0,0.0625,1.125,0.466666667,14.1,18,20,3,101,12,0,423,16,4.171073509,1109.20479,32,32,32,32,32,32,32,32,28,1,28,1,32,29,31,1,0,0,100.9375,30.83333333,100.90625,30.90196078,0,0,101,30.83333333,0,0,100.84375,30.62745098,0,0.401354784,0.067739204,0,0.088907705,0,0.094834886,,,,,,,0.168776371,0,0.221518987,0,0.23628692,0,1.3125,0,1.4,,,,0,1.066666667,,22,26,3,0,16,0,,0,0,0,0,0,0
49,car-report,5-CarReport,me.kuehle.carreport.util.sync.provider.DropboxSyncProvider.downloadFile(),1,3,1,5,0.5,0,1,0,0.75,0,1980.166667,0.207777565,0.916666667,0,4512,0.511819486,0.308735877,0.871794872,4.774774775,9,0,0,2.079754601,10,0,6.974358974,37,0.436069397,0.113960576,0.872871561,0.15625,0.0625,0.1875,0.032258065,0.03125,7.736111111,0.1,11.73333333,0.666666667,39.36666667,0,2.4,0,0.0625,1.125,0.466666667,14.1,18,20,3,101,12,0,423,16,4.171073509,1109.20479,32,32,32,32,32,32,32,32,28,1,28,1,32,29,31,1,0,0,100.9375,30.83333333,100.90625,30.90196078,0,0,101,30.83333333,0,0,100.84375,30.62745098,0,0.401354784,0.067739204,0,0.088907705,0,0.094834886,,,,,,,0.168776371,0,0.221518987,0,0.23628692,0,1.3125,0,1.4,,,,0,1.066666667,,22,26,3,0,16,0,,0,0,0,0,0,0
58,car-report,5-CarReport,me.kuehle.carreport.util.sync.provider.DropboxSyncProvider.downloadFile(),2,4,2,5,0.5,0,1,0,0.75,0,1980.166667,0.207777565,0.916666667,0,4512,0.511819486,0.308735877,0.871794872,4.774774775,9,0,0,2.079754601,10,0,6.974358974,37,0.436069397,0.113960576,0.872871561,0.15625,0.0625,0.1875,0.032258065,0.03125,7.736111111,0.1,11.73333333,0.666666667,39.36666667,0,2.4,0,0.0625,1.125,0.466666667,14.1,18,20,3,101,12,0,423,16,4.171073509,1109.20479,32,32,32,32,32,32,32,32,28,1,28,1,32,29,31,1,0,0,100.9375,30.83333333,100.90625,30.90196078,0,0,101,30.83333333,0,0,100.84375,30.62745098,0,0.401354784,0.067739204,0,0.088907705,0,0.094834886,,,,,,,0.168776371,0,0.221518987,0,0.23628692,0,1.3125,0,1.4,,,,0,1.066666667,,22,26,3,0,16,0,,0,0,0,0,0,0
75,car-report,5-CarReport,me.kuehle.carreport.util.sync.provider.DropboxSyncProvider.downloadFile(),1,3,3,5,0.5,0,1,0,0.75,0,1980.166667,0.207777565,0.916666667,0,4512,0.511819486,0.308735877,0.871794872,4.774774775,9,0,0,2.079754601,10,0,6.974358974,37,0.436069397,0.113960576,0.872871561,0.15625,0.0625,0.1875,0.032258065,0.03125,7.736111111,0.1,11.73333333,0.666666667,39.36666667,0,2.4,0,0.0625,1.125,0.466666667,14.1,18,20,3,101,12,0,423,16,4.171073509,1109.20479,32,32,32,32,32,32,32,32,28,1,28,1,32,29,31,1,0,0,100.9375,30.83333333,100.90625,30.90196078,0,0,101,30.83333333,0,0,100.84375,30.62745098,0,0.401354784,0.067739204,0,0.088907705,0,0.094834886,,,,,,,0.168776371,0,0.221518987,0,0.23628692,0,1.3125,0,1.4,,,,0,1.066666667,,22,26,3,0,16,1,144,2,0.478061559,1,0,0,1
84,car-report,5-CarReport,me.kuehle.carreport.util.sync.provider.DropboxSyncProvider.downloadFile(),4,2,6,5,0.5,0,1,0,0.75,0,1980.166667,0.207777565,0.916666667,0,4512,0.511819486,0.308735877,0.871794872,4.774774775,9,0,0,2.079754601,10,0,6.974358974,37,0.436069397,0.113960576,0.872871561,0.15625,0.0625,0.1875,0.032258065,0.03125,7.736111111,0.1,11.73333333,0.666666667,39.36666667,0,2.4,0,0.0625,1.125,0.466666667,14.1,18,20,3,101,12,0,423,16,4.171073509,1109.20479,32,32,32,32,32,32,32,32,28,1,28,1,32,29,31,1,0,0,100.9375,30.83333333,100.90625,30.90196078,0,0,101,30.83333333,0,0,100.84375,30.62745098,0,0.401354784,0.067739204,0,0.088907705,0,0.094834886,,,,,,,0.168776371,0,0.221518987,0,0.23628692,0,1.3125,0,1.4,,,,0,1.066666667,,22,26,3,0,16,1,10,2,0.65356909,1,0,0,1
9,antlr4-master,1-Antlr4Master,"org.antlr.mojo.antlr4.GrammarDependencies.analyze(java.util.Set<java.io.File>,java.util.Set<java.io.File>,org.antlr.v4.Tool)",4,6,4,4,0.75,0,0,0.000166586,0.910714286,0.80952381,1032.666667,0.180915355,1,1,2755,0.511819486,0.243095979,0.948387097,5.428571429,11,1.787096774,5,6.613065327,24,100,7.283870968,45,0.662238766,0.23570226,0.9258201,0.075,0.176470588,0.175,0.225,0.5,8.75257732,0.096774194,12.51612903,0.483870968,49.35483871,0.096774194,3.129032258,0,0.175,0.9,0.580645161,14.93548387,20,24,2,86,7,0,586,20,4.395732997,1529.884664,51,39,39,51,38,40,38,38,46,40,38,1,40,40,39,31,85.96078431,50,85.92156863,49.64367816,85.98039216,49.70114943,0,0,86,49.89655172,0,0,85.80392157,49.73563218,0.230382294,0.401911469,0.027162978,0,0.038229376,0,0.075955734,1.744541485,0.11790393,0,0.165938865,0,0.329694323,0.067584481,0,0.095118899,0,0.188986233,0,1.407407407,0,2.796296296,,,,0,1.986842105,,50,67,2.666666667,3,18,1,229,1,0.183366077,0,0,1,1
17,antlr4-master,1-Antlr4Master,"org.antlr.mojo.antlr4.GrammarDependencies.analyze(java.util.Set<java.io.File>,java.util.Set<java.io.File>,org.antlr.v4.Tool)",3,5,5,4,0.75,0,0,0.000166586,0.910714286,0.80952381,1032.666667,0.180915355,1,1,2755,0.511819486,0.243095979,0.948387097,5.428571429,11,1.787096774,5,6.613065327,24,100,7.283870968,45,0.662238766,0.23570226,0.9258201,0.075,0.176470588,0.175,0.225,0.5,8.75257732,0.096774194,12.51612903,0.483870968,49.35483871,0.096774194,3.129032258,0,0.175,0.9,0.580645161,14.93548387,20,24,2,86,7,0,586,20,4.395732997,1529.884664,51,39,39,51,38,40,38,38,46,40,38,1,40,40,39,31,85.96078431,50,85.92156863,49.64367816,85.98039216,49.70114943,0,0,86,49.89655172,0,0,85.80392157,49.73563218,0.230382294,0.401911469,0.027162978,0,0.038229376,0,0.075955734,1.744541485,0.11790393,0,0.165938865,0,0.329694323,0.067584481,0,0.095118899,0,0.188986233,0,1.407407407,0,2.796296296,,,,0,1.986842105,,50,67,2.666666667,3,18,1,149,2,0.47151277,1,0,0,1
30,antlr4-master,1-Antlr4Master,"org.antlr.mojo.antlr4.GrammarDependencies.analyze(java.util.Set<java.io.File>,java.util.Set<java.io.File>,org.antlr.v4.Tool)",1,3,1,4,0.75,0,0,0.000166586,0.910714286,0.80952381,1032.666667,0.180915355,1,1,2755,0.511819486,0.243095979,0.948387097,5.428571429,11,1.787096774,5,6.613065327,24,100,7.283870968,45,0.662238766,0.23570226,0.9258201,0.075,0.176470588,0.175,0.225,0.5,8.75257732,0.096774194,12.51612903,0.483870968,49.35483871,0.096774194,3.129032258,0,0.175,0.9,0.580645161,14.93548387,20,24,2,86,7,0,586,20,4.395732997,1529.884664,51,39,39,51,38,40,38,38,46,40,38,1,40,40,39,31,85.96078431,50,85.92156863,49.64367816,85.98039216,49.70114943,0,0,86,49.89655172,0,0,85.80392157,49.73563218,0.230382294,0.401911469,0.027162978,0,0.038229376,0,0.075955734,1.744541485,0.11790393,0,0.165938865,0,0.329694323,0.067584481,0,0.095118899,0,0.188986233,0,1.407407407,0,2.796296296,,,,0,1.986842105,,50,67,2.666666667,3,18,0,,0,0,0,0,0,0
37,antlr4-master,1-Antlr4Master,"org.antlr.mojo.antlr4.GrammarDependencies.analyze(java.util.Set<java.io.File>,java.util.Set<java.io.File>,org.antlr.v4.Tool)",1,3,2,4,0.75,0,0,0.000166586,0.910714286,0.80952381,1032.666667,0.180915355,1,1,2755,0.511819486,0.243095979,0.948387097,5.428571429,11,1.787096774,5,6.613065327,24,100,7.283870968,45,0.662238766,0.23570226,0.9258201,0.075,0.176470588,0.175,0.225,0.5,8.75257732,0.096774194,12.51612903,0.483870968,49.35483871,0.096774194,3.129032258,0,0.175,0.9,0.580645161,14.93548387,20,24,2,86,7,0,586,20,4.395732997,1529.884664,51,39,39,51,38,40,38,38,46,40,38,1,40,40,39,31,85.96078431,50,85.92156863,49.64367816,85.98039216,49.70114943,0,0,86,49.89655172,0,0,85.80392157,49.73563218,0.230382294,0.401911469,0.027162978,0,0.038229376,0,0.075955734,1.744541485,0.11790393,0,0.165938865,0,0.329694323,0.067584481,0,0.095118899,0,0.188986233,0,1.407407407,0,2.796296296,,,,0,1.986842105,,50,67,2.666666667,3,18,0,,0,0,0,0,0,0
25,antlr4-master,1-Antlr4Master,"org.antlr.mojo.antlr4.GrammarDependencies.analyze(java.util.Set<java.io.File>,java.util.Set<java.io.File>,org.antlr.v4.Tool)",1,3,2,4,0.75,0,0,0.000166586,0.910714286,0.80952381,1032.666667,0.180915355,1,1,2755,0.511819486,0.243095979,0.948387097,5.428571429,11,1.787096774,5,6.613065327,24,100,7.283870968,45,0.662238766,0.23570226,0.9258201,0.075,0.176470588,0.175,0.225,0.5,8.75257732,0.096774194,12.51612903,0.483870968,49.35483871,0.096774194,3.129032258,0,0.175,0.9,0.580645161,14.93548387,20,24,2,86,7,0,586,20,4.395732997,1529.884664,51,39,39,51,38,40,38,38,46,40,38,1,40,40,39,31,85.96078431,50,85.92156863,49.64367816,85.98039216,49.70114943,0,0,86,49.89655172,0,0,85.80392157,49.73563218,0.230382294,0.401911469,0.027162978,0,0.038229376,0,0.075955734,1.744541485,0.11790393,0,0.165938865,0,0.329694323,0.067584481,0,0.095118899,0,0.188986233,0,1.407407407,0,2.796296296,,,,0,1.986842105,,50,67,2.666666667,3,18,0,,0,0,0,0,0,0
46,antlr4-master,1-Antlr4Master,"org.antlr.mojo.antlr4.GrammarDependencies.analyze(java.util.Set<java.io.File>,java.util.Set<java.io.File>,org.antlr.v4.Tool)",3,8,7,4,0.75,0,0,0.000166586,0.910714286,0.80952381,1032.666667,0.180915355,1,1,2755,0.511819486,0.243095979,0.948387097,5.428571429,11,1.787096774,5,6.613065327,24,100,7.283870968,45,0.662238766,0.23570226,0.9258201,0.075,0.176470588,0.175,0.225,0.5,8.75257732,0.096774194,12.51612903,0.483870968,49.35483871,0.096774194,3.129032258,0,0.175,0.9,0.580645161,14.93548387,20,24,2,86,7,0,586,20,4.395732997,1529.884664,51,39,39,51,38,40,38,38,46,40,38,1,40,40,39,31,85.96078431,50,85.92156863,49.64367816,85.98039216,49.70114943,0,0,86,49.89655172,0,0,85.80392157,49.73563218,0.230382294,0.401911469,0.027162978,0,0.038229376,0,0.075955734,1.744541485,0.11790393,0,0.165938865,0,0.329694323,0.067584481,0,0.095118899,0,0.188986233,0,1.407407407,0,2.796296296,,,,0,1.986842105,,50,67,2.666666667,3,18,1,121,2,0.508185986,1,0,0,1
51,antlr4-master,1-Antlr4Master,"org.antlr.mojo.antlr4.GrammarDependencies.analyze(java.util.Set<java.io.File>,java.util.Set<java.io.File>,org.antlr.v4.Tool)",1,4,4,4,0.75,0,0,0.000166586,0.910714286,0.80952381,1032.666667,0.180915355,1,1,2755,0.511819486,0.243095979,0.948387097,5.428571429,11,1.787096774,5,6.613065327,24,100,7.283870968,45,0.662238766,0.23570226,0.9258201,0.075,0.176470588,0.175,0.225,0.5,8.75257732,0.096774194,12.51612903,0.483870968,49.35483871,0.096774194,3.129032258,0,0.175,0.9,0.580645161,14.93548387,20,24,2,86,7,0,586,20,4.395732997,1529.884664,51,39,39,51,38,40,38,38,46,40,38,1,40,40,39,31,85.96078431,50,85.92156863,49.64367816,85.98039216,49.70114943,0,0,86,49.89655172,0,0,85.80392157,49.73563218,0.230382294,0.401911469,0.027162978,0,0.038229376,0,0.075955734,1.744541485,0.11790393,0,0.165938865,0,0.329694323,0.067584481,0,0.095118899,0,0.188986233,0,1.407407407,0,2.796296296,,,,0,1.986842105,,50,67,2.666666667,3,18,0,,0,0,0,0,0,0
61,antlr4-master,1-Antlr4Master,"org.antlr.mojo.antlr4.GrammarDependencies.analyze(java.util.Set<java.io.File>,java.util.Set<java.io.File>,org.antlr.v4.Tool)",4,5,2,4,0.75,0,0,0.000166586,0.910714286,0.80952381,1032.666667,0.180915355,1,1,2755,0.511819486,0.243095979,0.948387097,5.428571429,11,1.787096774,5,6.613065327,24,100,7.283870968,45,0.662238766,0.23570226,0.9258201,0.075,0.176470588,0.175,0.225,0.5,8.75257732,0.096774194,12.51612903,0.483870968,49.35483871,0.096774194,3.129032258,0,0.175,0.9,0.580645161,14.93548387,20,24,2,86,7,0,586,20,4.395732997,1529.884664,51,39,39,51,38,40,38,38,46,40,38,1,40,40,39,31,85.96078431,50,85.92156863,49.64367816,85.98039216,49.70114943,0,0,86,49.89655172,0,0,85.80392157,49.73563218,0.230382294,0.401911469,0.027162978,0,0.038229376,0,0.075955734,1.744541485,0.11790393,0,0.165938865,0,0.329694323,0.067584481,0,0.095118899,0,0.188986233,0,1.407407407,0,2.796296296,,,,0,1.986842105,,50,67,2.666666667,3,18,0,,0,0,0,0,0,0
77,antlr4-master,1-Antlr4Master,"org.antlr.mojo.antlr4.GrammarDependencies.analyze(java.util.Set<java.io.File>,java.util.Set<java.io.File>,org.antlr.v4.Tool)",1,3,3,4,0.75,0,0,0.000166586,0.910714286,0.80952381,1032.666667,0.180915355,1,1,2755,0.511819486,0.243095979,0.948387097,5.428571429,11,1.787096774,5,6.613065327,24,100,7.283870968,45,0.662238766,0.23570226,0.9258201,0.075,0.176470588,0.175,0.225,0.5,8.75257732,0.096774194,12.51612903,0.483870968,49.35483871,0.096774194,3.129032258,0,0.175,0.9,0.580645161,14.93548387,20,24,2,86,7,0,586,20,4.395732997,1529.884664,51,39,39,51,38,40,38,38,46,40,38,1,40,40,39,31,85.96078431,50,85.92156863,49.64367816,85.98039216,49.70114943,0,0,86,49.89655172,0,0,85.80392157,49.73563218,0.230382294,0.401911469,0.027162978,0,0.038229376,0,0.075955734,1.744541485,0.11790393,0,0.165938865,0,0.329694323,0.067584481,0,0.095118899,0,0.188986233,0,1.407407407,0,2.796296296,,,,0,1.986842105,,50,67,2.666666667,3,18,1,310,1,0.130320891,0,0,1,1
8,antlr4-master,2-Antlr4Master,org.antlr.v4.gui.TestRig.process(),4,5,2,5,0.841463415,0,10,0.011211951,0.877865854,0,399.6666667,0.025343482,0.9,0,1843,0.041675947,0.165990993,0.777777778,5.52238806,12,0.126984127,1,2.705685619,15,100,6.162698413,37,0.372924954,0.064549722,1,0.362068966,0.05,0.137931034,0.017857143,0.189655172,8.10625,0.090909091,0,0.581818182,33.2,0.018181818,2.909090909,0.127272727,0.068965517,1.017241379,0.690909091,2.545454545,22,0,3,95,11,1,196,21,4.958407849,2752.545713,60,58,58,60,58,58,1,55,56,58,54,58,58,56,56,55,97,58.86734694,96.9,58.69387755,96.91666667,58.55102041,97,59,97,58.86734694,0,0,96.83333333,58.58163265,0.055264412,0.604573606,0.064792758,0.000476417,0.02334445,0,0.11291091,10.93965517,1.172413793,0.00862069,0.422413793,0,2.043103448,0.107171001,0.000788022,0.038613081,0,0.186761229,0.007352941,0.360294118,0,1.742647059,49,0,237,0,4.836734694,,46,49,3,0,37,1,385,3,0.243614931,1,1,0,0
18,antlr4-master,2-Antlr4Master,org.antlr.v4.gui.TestRig.process(),1,4,4,5,0.841463415,0,10,0.011211951,0.877865854,0,399.6666667,0.025343482,0.9,0,1843,0.041675947,0.165990993,0.777777778,5.52238806,12,0.126984127,1,2.705685619,15,100,6.162698413,37,0.372924954,0.064549722,1,0.362068966,0.05,0.137931034,0.017857143,0.189655172,8.10625,0.090909091,0,0.581818182,33.2,0.018181818,2.909090909,0.127272727,0.068965517,1.017241379,0.690909091,2.545454545,22,0,3,95,11,1,196,21,4.958407849,2752.545713,60,58,58,60,58,58,1,55,56,58,54,58,58,56,56,55,97,58.86734694,96.9,58.69387755,96.91666667,58.55102041,97,59,97,58.86734694,0,0,96.83333333,58.58163265,0.055264412,0.604573606,0.064792758,0.000476417,0.02334445,0,0.11291091,10.93965517,1.172413793,0.00862069,0.422413793,0,2.043103448,0.107171001,0.000788022,0.038613081,0,0.186761229,0.007352941,0.360294118,0,1.742647059,49,0,237,0,4.836734694,,46,49,3,0,37,1,223,2,0.374590701,1,0,0,1
17,antlr4-master,2-Antlr4Master,org.antlr.v4.gui.TestRig.process(),3,5,5,5,0.841463415,0,10,0.011211951,0.877865854,0,399.6666667,0.025343482,0.9,0,1843,0.041675947,0.165990993,0.777777778,5.52238806,12,0.126984127,1,2.705685619,15,100,6.162698413,37,0.372924954,0.064549722,1,0.362068966,0.05,0.137931034,0.017857143,0.189655172,8.10625,0.090909091,0,0.581818182,33.2,0.018181818,2.909090909,0.127272727,0.068965517,1.017241379,0.690909091,2.545454545,22,0,3,95,11,1,196,21,4.958407849,2752.545713,60,58,58,60,58,58,1,55,56,58,54,58,58,56,56,55,97,58.86734694,96.9,58.69387755,96.91666667,58.55102041,97,59,97,58.86734694,0,0,96.83333333,58.58163265,0.055264412,0.604573606,0.064792758,0.000476417,0.02334445,0,0.11291091,10.93965517,1.172413793,0.00862069,0.422413793,0,2.043103448,0.107171001,0.000788022,0.038613081,0,0.186761229,0.007352941,0.360294118,0,1.742647059,49,0,237,0,4.836734694,,46,49,3,0,37,1,734,3,0,1,1,0,0
36,antlr4-master,2-Antlr4Master,org.antlr.v4.gui.TestRig.process(),1,2,2,5,0.841463415,0,10,0.011211951,0.877865854,0,399.6666667,0.025343482,0.9,0,1843,0.041675947,0.165990993,0.777777778,5.52238806,12,0.126984127,1,2.705685619,15,100,6.162698413,37,0.372924954,0.064549722,1,0.362068966,0.05,0.137931034,0.017857143,0.189655172,8.10625,0.090909091,0,0.581818182,33.2,0.018181818,2.909090909,0.127272727,0.068965517,1.017241379,0.690909091,2.545454545,22,0,3,95,11,1,196,21,4.958407849,2752.545713,60,58,58,60,58,58,1,55,56,58,54,58,58,56,56,55,97,58.86734694,96.9,58.69387755,96.91666667,58.55102041,97,59,97,58.86734694,0,0,96.83333333,58.58163265,0.055264412,0.604573606,0.064792758,0.000476417,0.02334445,0,0.11291091,10.93965517,1.172413793,0.00862069,0.422413793,0,2.043103448,0.107171001,0.000788022,0.038613081,0,0.186761229,0.007352941,0.360294118,0,1.742647059,49,0,237,0,4.836734694,,46,49,3,0,37,1,6,1,0.32940406,0,0,1,1
25,antlr4-master,2-Antlr4Master,org.antlr.v4.gui.TestRig.process(),1,3,2,5,0.841463415,0,10,0.011211951,0.877865854,0,399.6666667,0.025343482,0.9,0,1843,0.041675947,0.165990993,0.777777778,5.52238806,12,0.126984127,1,2.705685619,15,100,6.162698413,37,0.372924954,0.064549722,1,0.362068966,0.05,0.137931034,0.017857143,0.189655172,8.10625,0.090909091,0,0.581818182,33.2,0.018181818,2.909090909,0.127272727,0.068965517,1.017241379,0.690909091,2.545454545,22,0,3,95,11,1,196,21,4.958407849,2752.545713,60,58,58,60,58,58,1,55,56,58,54,58,58,56,56,55,97,58.86734694,96.9,58.69387755,96.91666667,58.55102041,97,59,97,58.86734694,0,0,96.83333333,58.58163265,0.055264412,0.604573606,0.064792758,0.000476417,0.02334445,0,0.11291091,10.93965517,1.172413793,0.00862069,0.422413793,0,2.043103448,0.107171001,0.000788022,0.038613081,0,0.186761229,0.007352941,0.360294118,0,1.742647059,49,0,237,0,4.836734694,,46,49,3,0,37,0,,0,0,0,0,0,0
46,antlr4-master,2-Antlr4Master,org.antlr.v4.gui.TestRig.process(),3,8,7,5,0.841463415,0,10,0.011211951,0.877865854,0,399.6666667,0.025343482,0.9,0,1843,0.041675947,0.165990993,0.777777778,5.52238806,12,0.126984127,1,2.705685619,15,100,6.162698413,37,0.372924954,0.064549722,1,0.362068966,0.05,0.137931034,0.017857143,0.189655172,8.10625,0.090909091,0,0.581818182,33.2,0.018181818,2.909090909,0.127272727,0.068965517,1.017241379,0.690909091,2.545454545,22,0,3,95,11,1,196,21,4.958407849,2752.545713,60,58,58,60,58,58,1,55,56,58,54,58,58,56,56,55,97,58.86734694,96.9,58.69387755,96.91666667,58.55102041,97,59,97,58.86734694,0,0,96.83333333,58.58163265,0.055264412,0.604573606,0.064792758,0.000476417,0.02334445,0,0.11291091,10.93965517,1.172413793,0.00862069,0.422413793,0,2.043103448,0.107171001,0.000788022,0.038613081,0,0.186761229,0.007352941,0.360294118,0,1.742647059,49,0,237,0,4.836734694,,46,49,3,0,37,0,,0,0,0,0,0,0
49,antlr4-master,2-Antlr4Master,org.antlr.v4.gui.TestRig.process(),1,3,1,5,0.841463415,0,10,0.011211951,0.877865854,0,399.6666667,0.025343482,0.9,0,1843,0.041675947,0.165990993,0.777777778,5.52238806,12,0.126984127,1,2.705685619,15,100,6.162698413,37,0.372924954,0.064549722,1,0.362068966,0.05,0.137931034,0.017857143,0.189655172,8.10625,0.090909091,0,0.581818182,33.2,0.018181818,2.909090909,0.127272727,0.068965517,1.017241379,0.690909091,2.545454545,22,0,3,95,11,1,196,21,4.958407849,2752.545713,60,58,58,60,58,58,1,55,56,58,54,58,58,56,56,55,97,58.86734694,96.9,58.69387755,96.91666667,58.55102041,97,59,97,58.86734694,0,0,96.83333333,58.58163265,0.055264412,0.604573606,0.064792758,0.000476417,0.02334445,0,0.11291091,10.93965517,1.172413793,0.00862069,0.422413793,0,2.043103448,0.107171001,0.000788022,0.038613081,0,0.186761229,0.007352941,0.360294118,0,1.742647059,49,0,237,0,4.836734694,,46,49,3,0,37,1,16,1,0.322855272,0,0,1,1
61,antlr4-master,2-Antlr4Master,org.antlr.v4.gui.TestRig.process(),4,5,2,5,0.841463415,0,10,0.011211951,0.877865854,0,399.6666667,0.025343482,0.9,0,1843,0.041675947,0.165990993,0.777777778,5.52238806,12,0.126984127,1,2.705685619,15,100,6.162698413,37,0.372924954,0.064549722,1,0.362068966,0.05,0.137931034,0.017857143,0.189655172,8.10625,0.090909091,0,0.581818182,33.2,0.018181818,2.909090909,0.127272727,0.068965517,1.017241379,0.690909091,2.545454545,22,0,3,95,11,1,196,21,4.958407849,2752.545713,60,58,58,60,58,58,1,55,56,58,54,58,58,56,56,55,97,58.86734694,96.9,58.69387755,96.91666667,58.55102041,97,59,97,58.86734694,0,0,96.83333333,58.58163265,0.055264412,0.604573606,0.064792758,0.000476417,0.02334445,0,0.11291091,10.93965517,1.172413793,0.00862069,0.422413793,0,2.043103448,0.107171001,0.000788022,0.038613081,0,0.186761229,0.007352941,0.360294118,0,1.742647059,49,0,237,0,4.836734694,,46,49,3,0,37,1,60,2,0.588081205,1,0,0,1
77,antlr4-master,2-Antlr4Master,org.antlr.v4.gui.TestRig.process(),1,3,3,5,0.841463415,0,10,0.011211951,0.877865854,0,399.6666667,0.025343482,0.9,0,1843,0.041675947,0.165990993,0.777777778,5.52238806,12,0.126984127,1,2.705685619,15,100,6.162698413,37,0.372924954,0.064549722,1,0.362068966,0.05,0.137931034,0.017857143,0.189655172,8.10625,0.090909091,0,0.581818182,33.2,0.018181818,2.909090909,0.127272727,0.068965517,1.017241379,0.690909091,2.545454545,22,0,3,95,11,1,196,21,4.958407849,2752.545713,60,58,58,60,58,58,1,55,56,58,54,58,58,56,56,55,97,58.86734694,96.9,58.69387755,96.91666667,58.55102041,97,59,97,58.86734694,0,0,96.83333333,58.58163265,0.055264412,0.604573606,0.064792758,0.000476417,0.02334445,0,0.11291091,10.93965517,1.172413793,0.00862069,0.422413793,0,2.043103448,0.107171001,0.000788022,0.038613081,0,0.186761229,0.007352941,0.360294118,0,1.742647059,49,0,237,0,4.836734694,,46,49,3,0,37,0,,0,0,0,0,0,0
8,antlr4-master,3-Antlr4Master,"org.antlr.v4.runtime.atn.PredictionMode.hasSLLConflictTerminatingPrediction(org.antlr.v4.runtime.atn.PredictionMode,org.antlr.v4.runtime.atn.ATNConfigSet)",4,5,2,5,0.51754386,0,10,0.006267448,0.627952092,0.433575,84.5,0.089445944,0.730769231,1,159,0.172624439,0.25751695,0.594594595,3.8125,9,3.648648649,14,6.666666667,27,97.875,7.256756757,45,0.512342091,0.149071198,0.930949336,0.166666667,0.023809524,0.083333333,0.820512821,0.125,9.5,0.142857143,0,0.571428571,25.52380952,0.047619048,1.904761905,0,0,0.708333333,0.19047619,2,35,0,3,102,5,0,834,93,4.941086244,602.3153878,126,24,23,126,23,24,24,24,126,24,23,1,1,24,24,24,102.9761905,124.9711538,102.952381,124.5961538,102.984127,124.7884615,0,0,0,0,0,0,102.8174603,124.5,0.891547049,0.067340067,0.009392167,0,0,0,0.010809853,0.075531703,0.010534685,0,0,0,0.012124826,0.139473684,0,0,0,0.160526316,0,0,0,1.150943396,,,,,,,126,239,3,2,12,1,141,2,0.481990832,1,0,0,1
17,antlr4-master,3-Antlr4Master,"org.antlr.v4.runtime.atn.PredictionMode.hasSLLConflictTerminatingPrediction(org.antlr.v4.runtime.atn.PredictionMode,org.antlr.v4.runtime.atn.ATNConfigSet)",3,5,5,5,0.51754386,0,10,0.006267448,0.627952092,0.433575,84.5,0.089445944,0.730769231,1,159,0.172624439,0.25751695,0.594594595,3.8125,9,3.648648649,14,6.666666667,27,97.875,7.256756757,45,0.512342091,0.149071198,0.930949336,0.166666667,0.023809524,0.083333333,0.820512821,0.125,9.5,0.142857143,0,0.571428571,25.52380952,0.047619048,1.904761905,0,0,0.708333333,0.19047619,2,35,0,3,102,5,0,834,93,4.941086244,602.3153878,126,24,23,126,23,24,24,24,126,24,23,1,1,24,24,24,102.9761905,124.9711538,102.952381,124.5961538,102.984127,124.7884615,0,0,0,0,0,0,102.8174603,124.5,0.891547049,0.067340067,0.009392167,0,0,0,0.010809853,0.075531703,0.010534685,0,0,0,0.012124826,0.139473684,0,0,0,0.160526316,0,0,0,1.150943396,,,,,,,126,239,3,2,12,1,11,3,0.978388998,1,1,0,0
30,antlr4-master,3-Antlr4Master,"org.antlr.v4.runtime.atn.PredictionMode.hasSLLConflictTerminatingPrediction(org.antlr.v4.runtime.atn.PredictionMode,org.antlr.v4.runtime.atn.ATNConfigSet)",1,3,1,5,0.51754386,0,10,0.006267448,0.627952092,0.433575,84.5,0.089445944,0.730769231,1,159,0.172624439,0.25751695,0.594594595,3.8125,9,3.648648649,14,6.666666667,27,97.875,7.256756757,45,0.512342091,0.149071198,0.930949336,0.166666667,0.023809524,0.083333333,0.820512821,0.125,9.5,0.142857143,0,0.571428571,25.52380952,0.047619048,1.904761905,0,0,0.708333333,0.19047619,2,35,0,3,102,5,0,834,93,4.941086244,602.3153878,126,24,23,126,23,24,24,24,126,24,23,1,1,24,24,24,102.9761905,124.9711538,102.952381,124.5961538,102.984127,124.7884615,0,0,0,0,0,0,102.8174603,124.5,0.891547049,0.067340067,0.009392167,0,0,0,0.010809853,0.075531703,0.010534685,0,0,0,0.012124826,0.139473684,0,0,0,0.160526316,0,0,0,1.150943396,,,,,,,126,239,3,2,12,0,,0,0,0,0,0,0
36,antlr4-master,3-Antlr4Master,"org.antlr.v4.runtime.atn.PredictionMode.hasSLLConflictTerminatingPrediction(org.antlr.v4.runtime.atn.PredictionMode,org.antlr.v4.runtime.atn.ATNConfigSet)",1,2,2,5,0.51754386,0,10,0.006267448,0.627952092,0.433575,84.5,0.089445944,0.730769231,1,159,0.172624439,0.25751695,0.594594595,3.8125,9,3.648648649,14,6.666666667,27,97.875,7.256756757,45,0.512342091,0.149071198,0.930949336,0.166666667,0.023809524,0.083333333,0.820512821,0.125,9.5,0.142857143,0,0.571428571,25.52380952,0.047619048,1.904761905,0,0,0.708333333,0.19047619,2,35,0,3,102,5,0,834,93,4.941086244,602.3153878,126,24,23,126,23,24,24,24,126,24,23,1,1,24,24,24,102.9761905,124.9711538,102.952381,124.5961538,102.984127,124.7884615,0,0,0,0,0,0,102.8174603,124.5,0.891547049,0.067340067,0.009392167,0,0,0,0.010809853,0.075531703,0.010534685,0,0,0,0.012124826,0.139473684,0,0,0,0.160526316,0,0,0,1.150943396,,,,,,,126,239,3,2,12,1,24,1,0.317616241,0,0,1,1
25,antlr4-master,3-Antlr4Master,"org.antlr.v4.runtime.atn.PredictionMode.hasSLLConflictTerminatingPrediction(org.antlr.v4.runtime.atn.PredictionMode,org.antlr.v4.runtime.atn.ATNConfigSet)",1,3,2,5,0.51754386,0,10,0.006267448,0.627952092,0.433575,84.5,0.089445944,0.730769231,1,159,0.172624439,0.25751695,0.594594595,3.8125,9,3.648648649,14,6.666666667,27,97.875,7.256756757,45,0.512342091,0.149071198,0.930949336,0.166666667,0.023809524,0.083333333,0.820512821,0.125,9.5,0.142857143,0,0.571428571,25.52380952,0.047619048,1.904761905,0,0,0.708333333,0.19047619,2,35,0,3,102,5,0,834,93,4.941086244,602.3153878,126,24,23,126,23,24,24,24,126,24,23,1,1,24,24,24,102.9761905,124.9711538,102.952381,124.5961538,102.984127,124.7884615,0,0,0,0,0,0,102.8174603,124.5,0.891547049,0.067340067,0.009392167,0,0,0,0.010809853,0.075531703,0.010534685,0,0,0,0.012124826,0.139473684,0,0,0,0.160526316,0,0,0,1.150943396,,,,,,,126,239,3,2,12,0,,0,0,0,0,0,0
46,antlr4-master,3-Antlr4Master,"org.antlr.v4.runtime.atn.PredictionMode.hasSLLConflictTerminatingPrediction(org.antlr.v4.runtime.atn.PredictionMode,org.antlr.v4.runtime.atn.ATNConfigSet)",3,8,7,5,0.51754386,0,10,0.006267448,0.627952092,0.433575,84.5,0.089445944,0.730769231,1,159,0.172624439,0.25751695,0.594594595,3.8125,9,3.648648649,14,6.666666667,27,97.875,7.256756757,45,0.512342091,0.149071198,0.930949336,0.166666667,0.023809524,0.083333333,0.820512821,0.125,9.5,0.142857143,0,0.571428571,25.52380952,0.047619048,1.904761905,0,0,0.708333333,0.19047619,2,35,0,3,102,5,0,834,93,4.941086244,602.3153878,126,24,23,126,23,24,24,24,126,24,23,1,1,24,24,24,102.9761905,124.9711538,102.952381,124.5961538,102.984127,124.7884615,0,0,0,0,0,0,102.8174603,124.5,0.891547049,0.067340067,0.009392167,0,0,0,0.010809853,0.075531703,0.010534685,0,0,0,0.012124826,0.139473684,0,0,0,0.160526316,0,0,0,1.150943396,,,,,,,126,239,3,2,12,1,430,2,0.103470858,1,0,0,1
49,antlr4-master,3-Antlr4Master,"org.antlr.v4.runtime.atn.PredictionMode.hasSLLConflictTerminatingPrediction(org.antlr.v4.runtime.atn.PredictionMode,org.antlr.v4.runtime.atn.ATNConfigSet)",1,3,1,5,0.51754386,0,10,0.006267448,0.627952092,0.433575,84.5,0.089445944,0.730769231,1,159,0.172624439,0.25751695,0.594594595,3.8125,9,3.648648649,14,6.666666667,27,97.875,7.256756757,45,0.512342091,0.149071198,0.930949336,0.166666667,0.023809524,0.083333333,0.820512821,0.125,9.5,0.142857143,0,0.571428571,25.52380952,0.047619048,1.904761905,0,0,0.708333333,0.19047619,2,35,0,3,102,5,0,834,93,4.941086244,602.3153878,126,24,23,126,23,24,24,24,126,24,23,1,1,24,24,24,102.9761905,124.9711538,102.952381,124.5961538,102.984127,124.7884615,0,0,0,0,0,0,102.8174603,124.5,0.891547049,0.067340067,0.009392167,0,0,0,0.010809853,0.075531703,0.010534685,0,0,0,0.012124826,0.139473684,0,0,0,0.160526316,0,0,0,1.150943396,,,,,,,126,239,3,2,12,0,,0,0,0,0,0,0
61,antlr4-master,3-Antlr4Master,"org.antlr.v4.runtime.atn.PredictionMode.hasSLLConflictTerminatingPrediction(org.antlr.v4.runtime.atn.PredictionMode,org.antlr.v4.runtime.atn.ATNConfigSet)",4,5,2,5,0.51754386,0,10,0.006267448,0.627952092,0.433575,84.5,0.089445944,0.730769231,1,159,0.172624439,0.25751695,0.594594595,3.8125,9,3.648648649,14,6.666666667,27,97.875,7.256756757,45,0.512342091,0.149071198,0.930949336,0.166666667,0.023809524,0.083333333,0.820512821,0.125,9.5,0.142857143,0,0.571428571,25.52380952,0.047619048,1.904761905,0,0,0.708333333,0.19047619,2,35,0,3,102,5,0,834,93,4.941086244,602.3153878,126,24,23,126,23,24,24,24,126,24,23,1,1,24,24,24,102.9761905,124.9711538,102.952381,124.5961538,102.984127,124.7884615,0,0,0,0,0,0,102.8174603,124.5,0.891547049,0.067340067,0.009392167,0,0,0,0.010809853,0.075531703,0.010534685,0,0,0,0.012124826,0.139473684,0,0,0,0.160526316,0,0,0,1.150943396,,,,,,,126,239,3,2,12,0,,0,0,0,0,0,0
64,antlr4-master,3-Antlr4Master,"org.antlr.v4.runtime.atn.PredictionMode.hasSLLConflictTerminatingPrediction(org.antlr.v4.runtime.atn.PredictionMode,org.antlr.v4.runtime.atn.ATNConfigSet)",4,3,3,5,0.51754386,0,10,0.006267448,0.627952092,0.433575,84.5,0.089445944,0.730769231,1,159,0.172624439,0.25751695,0.594594595,3.8125,9,3.648648649,14,6.666666667,27,97.875,7.256756757,45,0.512342091,0.149071198,0.930949336,0.166666667,0.023809524,0.083333333,0.820512821,0.125,9.5,0.142857143,0,0.571428571,25.52380952,0.047619048,1.904761905,0,0,0.708333333,0.19047619,2,35,0,3,102,5,0,834,93,4.941086244,602.3153878,126,24,23,126,23,24,24,24,126,24,23,1,1,24,24,24,102.9761905,124.9711538,102.952381,124.5961538,102.984127,124.7884615,0,0,0,0,0,0,102.8174603,124.5,0.891547049,0.067340067,0.009392167,0,0,0,0.010809853,0.075531703,0.010534685,0,0,0,0.012124826,0.139473684,0,0,0,0.160526316,0,0,0,1.150943396,,,,,,,126,239,3,2,12,0,,0,0,0,0,0,0
8,antlr4-master,4-Antlr4Master,org.antlr.v4.runtime.misc.Array2DHashSet.removeFast(T),4,5,2,4,0.75,0,138,0,0.791666667,0.5,138,0,0.833333333,1,138,0,0.571676016,0.56,6.704545455,12,0.22,1,3.547945205,11,100,4,37,0.589757105,0.365148372,1,0.192307692,0.133333333,0.192307692,0.043478261,0.153846154,4.104166667,0.181818182,0,0.636363636,18.18181818,0.045454545,2.181818182,0.181818182,0.307692308,0.576923077,0.227272727,2.636363636,10,0,2,104,13,2,74,6,4.742422788,765.709074,30,26,26,28,26,25,26,25,30,26,26,26,26,25,26,26,63.83333333,28.89230769,63.96666667,28.76923077,63.9,28.6,64,29,0,0,0,0,63.76666667,28.73846154,0.166371681,0.353982301,0.10619469,0.001769912,0,0,0.143362832,2.127659574,0.638297872,0.010638298,0,0,0.861702128,0.3,0.005,0,0,0.405,0.016666667,0,0,1.35,0,0,81,,,,11,11,2.5,1,18,1,1649,2,0,1,0,0,1
17,antlr4-master,4-Antlr4Master,org.antlr.v4.runtime.misc.Array2DHashSet.removeFast(T),3,5,5,4,0.75,0,138,0,0.791666667,0.5,138,0,0.833333333,1,138,0,0.571676016,0.56,6.704545455,12,0.22,1,3.547945205,11,100,4,37,0.589757105,0.365148372,1,0.192307692,0.133333333,0.192307692,0.043478261,0.153846154,4.104166667,0.181818182,0,0.636363636,18.18181818,0.045454545,2.181818182,0.181818182,0.307692308,0.576923077,0.227272727,2.636363636,10,0,2,104,13,2,74,6,4.742422788,765.709074,30,26,26,28,26,25,26,25,30,26,26,26,26,25,26,26,63.83333333,28.89230769,63.96666667,28.76923077,63.9,28.6,64,29,0,0,0,0,63.76666667,28.73846154,0.166371681,0.353982301,0.10619469,0.001769912,0,0,0.143362832,2.127659574,0.638297872,0.010638298,0,0,0.861702128,0.3,0.005,0,0,0.405,0.016666667,0,0,1.35,0,0,81,,,,11,11,2.5,1,18,1,48,2,0.603798297,1,0,0,1
30,antlr4-master,4-Antlr4Master,org.antlr.v4.runtime.misc.Array2DHashSet.removeFast(T),1,3,1,4,0.75,0,138,0,0.791666667,0.5,138,0,0.833333333,1,138,0,0.571676016,0.56,6.704545455,12,0.22,1,3.547945205,11,100,4,37,0.589757105,0.365148372,1,0.192307692,0.133333333,0.192307692,0.043478261,0.153846154,4.104166667,0.181818182,0,0.636363636,18.18181818,0.045454545,2.181818182,0.181818182,0.307692308,0.576923077,0.227272727,2.636363636,10,0,2,104,13,2,74,6,4.742422788,765.709074,30,26,26,28,26,25,26,25,30,26,26,26,26,25,26,26,63.83333333,28.89230769,63.96666667,28.76923077,63.9,28.6,64,29,0,0,0,0,63.76666667,28.73846154,0.166371681,0.353982301,0.10619469,0.001769912,0,0,0.143362832,2.127659574,0.638297872,0.010638298,0,0,0.861702128,0.3,0.005,0,0,0.405,0.016666667,0,0,1.35,0,0,81,,,,11,11,2.5,1,18,0,,0,0,0,0,0,0
36,antlr4-master,4-Antlr4Master,org.antlr.v4.runtime.misc.Array2DHashSet.removeFast(T),1,2,2,4,0.75,0,138,0,0.791666667,0.5,138,0,0.833333333,1,138,0,0.571676016,0.56,6.704545455,12,0.22,1,3.547945205,11,100,4,37,0.589757105,0.365148372,1,0.192307692,0.133333333,0.192307692,0.043478261,0.153846154,4.104166667,0.181818182,0,0.636363636,18.18181818,0.045454545,2.181818182,0.181818182,0.307692308,0.576923077,0.227272727,2.636363636,10,0,2,104,13,2,74,6,4.742422788,765.709074,30,26,26,28,26,25,26,25,30,26,26,26,26,25,26,26,63.83333333,28.89230769,63.96666667,28.76923077,63.9,28.6,64,29,0,0,0,0,63.76666667,28.73846154,0.166371681,0.353982301,0.10619469,0.001769912,0,0,0.143362832,2.127659574,0.638297872,0.010638298,0,0,0.861702128,0.3,0.005,0,0,0.405,0.016666667,0,0,1.35,0,0,81,,,,11,11,2.5,1,18,1,1239,2,0,1,0,0,1
37,antlr4-master,4-Antlr4Master,org.antlr.v4.runtime.misc.Array2DHashSet.removeFast(T),1,3,2,4,0.75,0,138,0,0.791666667,0.5,138,0,0.833333333,1,138,0,0.571676016,0.56,6.704545455,12,0.22,1,3.547945205,11,100,4,37,0.589757105,0.365148372,1,0.192307692,0.133333333,0.192307692,0.043478261,0.153846154,4.104166667,0.181818182,0,0.636363636,18.18181818,0.045454545,2.181818182,0.181818182,0.307692308,0.576923077,0.227272727,2.636363636,10,0,2,104,13,2,74,6,4.742422788,765.709074,30,26,26,28,26,25,26,25,30,26,26,26,26,25,26,26,63.83333333,28.89230769,63.96666667,28.76923077,63.9,28.6,64,29,0,0,0,0,63.76666667,28.73846154,0.166371681,0.353982301,0.10619469,0.001769912,0,0,0.143362832,2.127659574,0.638297872,0.010638298,0,0,0.861702128,0.3,0.005,0,0,0.405,0.016666667,0,0,1.35,0,0,81,,,,11,11,2.5,1,18,1,207,2,0.395546824,1,0,0,1
46,antlr4-master,4-Antlr4Master,org.antlr.v4.runtime.misc.Array2DHashSet.removeFast(T),3,8,7,4,0.75,0,138,0,0.791666667,0.5,138,0,0.833333333,1,138,0,0.571676016,0.56,6.704545455,12,0.22,1,3.547945205,11,100,4,37,0.589757105,0.365148372,1,0.192307692,0.133333333,0.192307692,0.043478261,0.153846154,4.104166667,0.181818182,0,0.636363636,18.18181818,0.045454545,2.181818182,0.181818182,0.307692308,0.576923077,0.227272727,2.636363636,10,0,2,104,13,2,74,6,4.742422788,765.709074,30,26,26,28,26,25,26,25,30,26,26,26,26,25,26,26,63.83333333,28.89230769,63.96666667,28.76923077,63.9,28.6,64,29,0,0,0,0,63.76666667,28.73846154,0.166371681,0.353982301,0.10619469,0.001769912,0,0,0.143362832,2.127659574,0.638297872,0.010638298,0,0,0.861702128,0.3,0.005,0,0,0.405,0.016666667,0,0,1.35,0,0,81,,,,11,11,2.5,1,18,1,165,2,0.450556647,1,0,0,1
51,antlr4-master,4-Antlr4Master,org.antlr.v4.runtime.misc.Array2DHashSet.removeFast(T),1,4,4,4,0.75,0,138,0,0.791666667,0.5,138,0,0.833333333,1,138,0,0.571676016,0.56,6.704545455,12,0.22,1,3.547945205,11,100,4,37,0.589757105,0.365148372,1,0.192307692,0.133333333,0.192307692,0.043478261,0.153846154,4.104166667,0.181818182,0,0.636363636,18.18181818,0.045454545,2.181818182,0.181818182,0.307692308,0.576923077,0.227272727,2.636363636,10,0,2,104,13,2,74,6,4.742422788,765.709074,30,26,26,28,26,25,26,25,30,26,26,26,26,25,26,26,63.83333333,28.89230769,63.96666667,28.76923077,63.9,28.6,64,29,0,0,0,0,63.76666667,28.73846154,0.166371681,0.353982301,0.10619469,0.001769912,0,0,0.143362832,2.127659574,0.638297872,0.010638298,0,0,0.861702128,0.3,0.005,0,0,0.405,0.016666667,0,0,1.35,0,0,81,,,,11,11,2.5,1,18,1,91,2,0.547478716,1,0,0,1
61,antlr4-master,4-Antlr4Master,org.antlr.v4.runtime.misc.Array2DHashSet.removeFast(T),4,5,2,4,0.75,0,138,0,0.791666667,0.5,138,0,0.833333333,1,138,0,0.571676016,0.56,6.704545455,12,0.22,1,3.547945205,11,100,4,37,0.589757105,0.365148372,1,0.192307692,0.133333333,0.192307692,0.043478261,0.153846154,4.104166667,0.181818182,0,0.636363636,18.18181818,0.045454545,2.181818182,0.181818182,0.307692308,0.576923077,0.227272727,2.636363636,10,0,2,104,13,2,74,6,4.742422788,765.709074,30,26,26,28,26,25,26,25,30,26,26,26,26,25,26,26,63.83333333,28.89230769,63.96666667,28.76923077,63.9,28.6,64,29,0,0,0,0,63.76666667,28.73846154,0.166371681,0.353982301,0.10619469,0.001769912,0,0,0.143362832,2.127659574,0.638297872,0.010638298,0,0,0.861702128,0.3,0.005,0,0,0.405,0.016666667,0,0,1.35,0,0,81,,,,11,11,2.5,1,18,1,43,3,0.915520629,1,1,0,0
64,antlr4-master,4-Antlr4Master,org.antlr.v4.runtime.misc.Array2DHashSet.removeFast(T),4,3,3,4,0.75,0,138,0,0.791666667,0.5,138,0,0.833333333,1,138,0,0.571676016,0.56,6.704545455,12,0.22,1,3.547945205,11,100,4,37,0.589757105,0.365148372,1,0.192307692,0.133333333,0.192307692,0.043478261,0.153846154,4.104166667,0.181818182,0,0.636363636,18.18181818,0.045454545,2.181818182,0.181818182,0.307692308,0.576923077,0.227272727,2.636363636,10,0,2,104,13,2,74,6,4.742422788,765.709074,30,26,26,28,26,25,26,25,30,26,26,26,26,25,26,26,63.83333333,28.89230769,63.96666667,28.76923077,63.9,28.6,64,29,0,0,0,0,63.76666667,28.73846154,0.166371681,0.353982301,0.10619469,0.001769912,0,0,0.143362832,2.127659574,0.638297872,0.010638298,0,0,0.861702128,0.3,0.005,0,0,0.405,0.016666667,0,0,1.35,0,0,81,,,,11,11,2.5,1,18,1,42,2,0.611656843,1,0,0,1
9,antlr4-master,5-Antlr4Master,org.antlr.v4.test.runtime.java.api.TestTokenStreamRewriter.testToStringStartStop2(),4,6,4,2,0.5,0,388,0,0.833333333,0.5,1479.25,0,1,1,1843,0,0.23838903,0.786982249,4.447368421,12,0.165680473,1,7.40625,31,100,6.591715976,37,0,1,0,0.56,0.142857143,0.34,0.023255814,0,6.80620155,0,0.19047619,0.166666667,32.71428571,0,3.071428571,0.952380952,0.34,0.7,0.595238095,3.404761905,22,1,3,83,7,6,170,28,5.071778572,1860.670538,56,48,50,56,1,1,50,50,31,1,32,50,50,49,47,50,85,54.90697674,84.98214286,54.73255814,84.91071429,54.79069767,84.98214286,54.96511628,84.98214286,54.96511628,0,0,84.83928571,54.81395349,0.069767442,0.495527728,0.016696482,0.008944544,0.157423971,0,0.1019678,7.102564103,0.239316239,0.128205128,2.256410256,0,1.461538462,0.033694344,0.018050542,0.317689531,0,0.205776173,0.535714286,9.428571429,0,6.107142857,17.6,0,11.4,0,0.647727273,,50,65,1,0,34,1,61,3,0.880157171,1,1,0,0
17,antlr4-master,5-Antlr4Master,org.antlr.v4.test.runtime.java.api.TestTokenStreamRewriter.testToStringStartStop2(),3,5,5,2,0.5,0,388,0,0.833333333,0.5,1479.25,0,1,1,1843,0,0.23838903,0.786982249,4.447368421,12,0.165680473,1,7.40625,31,100,6.591715976,37,0,1,0,0.56,0.142857143,0.34,0.023255814,0,6.80620155,0,0.19047619,0.166666667,32.71428571,0,3.071428571,0.952380952,0.34,0.7,0.595238095,3.404761905,22,1,3,83,7,6,170,28,5.071778572,1860.670538,56,48,50,56,1,1,50,50,31,1,32,50,50,49,47,50,85,54.90697674,84.98214286,54.73255814,84.91071429,54.79069767,84.98214286,54.96511628,84.98214286,54.96511628,0,0,84.83928571,54.81395349,0.069767442,0.495527728,0.016696482,0.008944544,0.157423971,0,0.1019678,7.102564103,0.239316239,0.128205128,2.256410256,0,1.461538462,0.033694344,0.018050542,0.317689531,0,0.205776173,0.535714286,9.428571429,0,6.107142857,17.6,0,11.4,0,0.647727273,,50,65,1,0,34,1,56,2,0.593320236,1,0,0,1
30,antlr4-master,5-Antlr4Master,org.antlr.v4.test.runtime.java.api.TestTokenStreamRewriter.testToStringStartStop2(),1,3,1,2,0.5,0,388,0,0.833333333,0.5,1479.25,0,1,1,1843,0,0.23838903,0.786982249,4.447368421,12,0.165680473,1,7.40625,31,100,6.591715976,37,0,1,0,0.56,0.142857143,0.34,0.023255814,0,6.80620155,0,0.19047619,0.166666667,32.71428571,0,3.071428571,0.952380952,0.34,0.7,0.595238095,3.404761905,22,1,3,83,7,6,170,28,5.071778572,1860.670538,56,48,50,56,1,1,50,50,31,1,32,50,50,49,47,50,85,54.90697674,84.98214286,54.73255814,84.91071429,54.79069767,84.98214286,54.96511628,84.98214286,54.96511628,0,0,84.83928571,54.81395349,0.069767442,0.495527728,0.016696482,0.008944544,0.157423971,0,0.1019678,7.102564103,0.239316239,0.128205128,2.256410256,0,1.461538462,0.033694344,0.018050542,0.317689531,0,0.205776173,0.535714286,9.428571429,0,6.107142857,17.6,0,11.4,0,0.647727273,,50,65,1,0,34,1,21,3,0.958742633,1,1,0,0
36,antlr4-master,5-Antlr4Master,org.antlr.v4.test.runtime.java.api.TestTokenStreamRewriter.testToStringStartStop2(),1,2,2,2,0.5,0,388,0,0.833333333,0.5,1479.25,0,1,1,1843,0,0.23838903,0.786982249,4.447368421,12,0.165680473,1,7.40625,31,100,6.591715976,37,0,1,0,0.56,0.142857143,0.34,0.023255814,0,6.80620155,0,0.19047619,0.166666667,32.71428571,0,3.071428571,0.952380952,0.34,0.7,0.595238095,3.404761905,22,1,3,83,7,6,170,28,5.071778572,1860.670538,56,48,50,56,1,1,50,50,31,1,32,50,50,49,47,50,85,54.90697674,84.98214286,54.73255814,84.91071429,54.79069767,84.98214286,54.96511628,84.98214286,54.96511628,0,0,84.83928571,54.81395349,0.069767442,0.495527728,0.016696482,0.008944544,0.157423971,0,0.1019678,7.102564103,0.239316239,0.128205128,2.256410256,0,1.461538462,0.033694344,0.018050542,0.317689531,0,0.205776173,0.535714286,9.428571429,0,6.107142857,17.6,0,11.4,0,0.647727273,,50,65,1,0,34,0,,0,0,0,0,0,0
25,antlr4-master,5-Antlr4Master,org.antlr.v4.test.runtime.java.api.TestTokenStreamRewriter.testToStringStartStop2(),1,3,2,2,0.5,0,388,0,0.833333333,0.5,1479.25,0,1,1,1843,0,0.23838903,0.786982249,4.447368421,12,0.165680473,1,7.40625,31,100,6.591715976,37,0,1,0,0.56,0.142857143,0.34,0.023255814,0,6.80620155,0,0.19047619,0.166666667,32.71428571,0,3.071428571,0.952380952,0.34,0.7,0.595238095,3.404761905,22,1,3,83,7,6,170,28,5.071778572,1860.670538,56,48,50,56,1,1,50,50,31,1,32,50,50,49,47,50,85,54.90697674,84.98214286,54.73255814,84.91071429,54.79069767,84.98214286,54.96511628,84.98214286,54.96511628,0,0,84.83928571,54.81395349,0.069767442,0.495527728,0.016696482,0.008944544,0.157423971,0,0.1019678,7.102564103,0.239316239,0.128205128,2.256410256,0,1.461538462,0.033694344,0.018050542,0.317689531,0,0.205776173,0.535714286,9.428571429,0,6.107142857,17.6,0,11.4,0,0.647727273,,50,65,1,0,34,1,249,1,0.1702685,0,0,1,1
46,antlr4-master,5-Antlr4Master,org.antlr.v4.test.runtime.java.api.TestTokenStreamRewriter.testToStringStartStop2(),3,8,7,2,0.5,0,388,0,0.833333333,0.5,1479.25,0,1,1,1843,0,0.23838903,0.786982249,4.447368421,12,0.165680473,1,7.40625,31,100,6.591715976,37,0,1,0,0.56,0.142857143,0.34,0.023255814,0,6.80620155,0,0.19047619,0.166666667,32.71428571,0,3.071428571,0.952380952,0.34,0.7,0.595238095,3.404761905,22,1,3,83,7,6,170,28,5.071778572,1860.670538,56,48,50,56,1,1,50,50,31,1,32,50,50,49,47,50,85,54.90697674,84.98214286,54.73255814,84.91071429,54.79069767,84.98214286,54.96511628,84.98214286,54.96511628,0,0,84.83928571,54.81395349,0.069767442,0.495527728,0.016696482,0.008944544,0.157423971,0,0.1019678,7.102564103,0.239316239,0.128205128,2.256410256,0,1.461538462,0.033694344,0.018050542,0.317689531,0,0.205776173,0.535714286,9.428571429,0,6.107142857,17.6,0,11.4,0,0.647727273,,50,65,1,0,34,1,69,3,0.864440079,1,1,0,0
51,antlr4-master,5-Antlr4Master,org.antlr.v4.test.runtime.java.api.TestTokenStreamRewriter.testToStringStartStop2(),1,4,4,2,0.5,0,388,0,0.833333333,0.5,1479.25,0,1,1,1843,0,0.23838903,0.786982249,4.447368421,12,0.165680473,1,7.40625,31,100,6.591715976,37,0,1,0,0.56,0.142857143,0.34,0.023255814,0,6.80620155,0,0.19047619,0.166666667,32.71428571,0,3.071428571,0.952380952,0.34,0.7,0.595238095,3.404761905,22,1,3,83,7,6,170,28,5.071778572,1860.670538,56,48,50,56,1,1,50,50,31,1,32,50,50,49,47,50,85,54.90697674,84.98214286,54.73255814,84.91071429,54.79069767,84.98214286,54.96511628,84.98214286,54.96511628,0,0,84.83928571,54.81395349,0.069767442,0.495527728,0.016696482,0.008944544,0.157423971,0,0.1019678,7.102564103,0.239316239,0.128205128,2.256410256,0,1.461538462,0.033694344,0.018050542,0.317689531,0,0.205776173,0.535714286,9.428571429,0,6.107142857,17.6,0,11.4,0,0.647727273,,50,65,1,0,34,1,112,3,0.779960707,1,1,0,0
61,antlr4-master,5-Antlr4Master,org.antlr.v4.test.runtime.java.api.TestTokenStreamRewriter.testToStringStartStop2(),4,5,2,2,0.5,0,388,0,0.833333333,0.5,1479.25,0,1,1,1843,0,0.23838903,0.786982249,4.447368421,12,0.165680473,1,7.40625,31,100,6.591715976,37,0,1,0,0.56,0.142857143,0.34,0.023255814,0,6.80620155,0,0.19047619,0.166666667,32.71428571,0,3.071428571,0.952380952,0.34,0.7,0.595238095,3.404761905,22,1,3,83,7,6,170,28,5.071778572,1860.670538,56,48,50,56,1,1,50,50,31,1,32,50,50,49,47,50,85,54.90697674,84.98214286,54.73255814,84.91071429,54.79069767,84.98214286,54.96511628,84.98214286,54.96511628,0,0,84.83928571,54.81395349,0.069767442,0.495527728,0.016696482,0.008944544,0.157423971,0,0.1019678,7.102564103,0.239316239,0.128205128,2.256410256,0,1.461538462,0.033694344,0.018050542,0.317689531,0,0.205776173,0.535714286,9.428571429,0,6.107142857,17.6,0,11.4,0,0.647727273,,50,65,1,0,34,1,40,3,0.921414538,1,1,0,0
77,antlr4-master,5-Antlr4Master,org.antlr.v4.test.runtime.java.api.TestTokenStreamRewriter.testToStringStartStop2(),1,3,3,2,0.5,0,388,0,0.833333333,0.5,1479.25,0,1,1,1843,0,0.23838903,0.786982249,4.447368421,12,0.165680473,1,7.40625,31,100,6.591715976,37,0,1,0,0.56,0.142857143,0.34,0.023255814,0,6.80620155,0,0.19047619,0.166666667,32.71428571,0,3.071428571,0.952380952,0.34,0.7,0.595238095,3.404761905,22,1,3,83,7,6,170,28,5.071778572,1860.670538,56,48,50,56,1,1,50,50,31,1,32,50,50,49,47,50,85,54.90697674,84.98214286,54.73255814,84.91071429,54.79069767,84.98214286,54.96511628,84.98214286,54.96511628,0,0,84.83928571,54.81395349,0.069767442,0.495527728,0.016696482,0.008944544,0.157423971,0,0.1019678,7.102564103,0.239316239,0.128205128,2.256410256,0,1.461538462,0.033694344,0.018050542,0.317689531,0,0.205776173,0.535714286,9.428571429,0,6.107142857,17.6,0,11.4,0,0.647727273,,50,65,1,0,34,1,212,2,0.388998035,1,0,0,1
12,phoenix,1-Phoenix,"org.apache.phoenix.coprocessor.MetaDataEndpointImpl.doDropSchema(long,java.lang.String,byte[],java.util.List<org.apache.hadoop.hbase.client.Mutation>,java.util.List<org.apache.phoenix.hbase.index.util.ImmutableBytesPtr>)",4,10,2,4,0.833333333,0,0,0.00015974,0.87191358,0.555555556,0.004690803,0.277836217,1,1,0.024841438,1,0.258783221,0.897777778,4.714285714,12,0.035555556,1,2.111888112,14,100,7.475555556,45,0.541440322,0.096225045,0.949546915,0.243243243,0.052631579,0.513513514,0.027777778,0.243243243,10.28947368,0.142857143,14.97142857,0.714285714,59.77142857,0.057142857,3.257142857,0.085714286,0,1.189189189,0.771428571,18.08571429,22,28,3,125,9,1,637,18,4.484444409,2058.32621,38,37,37,38,37,37,37,37,33,37,37,37,1,37,37,37,120,37,120,36.84297521,119.8684211,36.84297521,119.7368421,36.47933884,0,0,0,0,119.8684211,36.84297521,0.012275732,0.553824363,0.047686497,0.001416431,0,0,0.085930123,45.11538462,3.884615385,0.115384615,0,0,7,0.086104007,0.002557545,0,0,0.155157715,0.02970297,0,0,1.801980198,0,0,60.66666667,,,,32,33,3.5,5,23,0,,0,0,0,0,0,0
24,phoenix,1-Phoenix,"org.apache.phoenix.coprocessor.MetaDataEndpointImpl.doDropSchema(long,java.lang.String,byte[],java.util.List<org.apache.hadoop.hbase.client.Mutation>,java.util.List<org.apache.phoenix.hbase.index.util.ImmutableBytesPtr>)",1,2,1,4,0.833333333,0,0,0.00015974,0.87191358,0.555555556,0.004690803,0.277836217,1,1,0.024841438,1,0.258783221,0.897777778,4.714285714,12,0.035555556,1,2.111888112,14,100,7.475555556,45,0.541440322,0.096225045,0.949546915,0.243243243,0.052631579,0.513513514,0.027777778,0.243243243,10.28947368,0.142857143,14.97142857,0.714285714,59.77142857,0.057142857,3.257142857,0.085714286,0,1.189189189,0.771428571,18.08571429,22,28,3,125,9,1,637,18,4.484444409,2058.32621,38,37,37,38,37,37,37,37,33,37,37,37,1,37,37,37,120,37,120,36.84297521,119.8684211,36.84297521,119.7368421,36.47933884,0,0,0,0,119.8684211,36.84297521,0.012275732,0.553824363,0.047686497,0.001416431,0,0,0.085930123,45.11538462,3.884615385,0.115384615,0,0,7,0.086104007,0.002557545,0,0,0.155157715,0.02970297,0,0,1.801980198,0,0,60.66666667,,,,32,33,3.5,5,23,0,,0,0,0,0,0,0
33,phoenix,1-Phoenix,"org.apache.phoenix.coprocessor.MetaDataEndpointImpl.doDropSchema(long,java.lang.String,byte[],java.util.List<org.apache.hadoop.hbase.client.Mutation>,java.util.List<org.apache.phoenix.hbase.index.util.ImmutableBytesPtr>)",1,4,1,4,0.833333333,0,0,0.00015974,0.87191358,0.555555556,0.004690803,0.277836217,1,1,0.024841438,1,0.258783221,0.897777778,4.714285714,12,0.035555556,1,2.111888112,14,100,7.475555556,45,0.541440322,0.096225045,0.949546915,0.243243243,0.052631579,0.513513514,0.027777778,0.243243243,10.28947368,0.142857143,14.97142857,0.714285714,59.77142857,0.057142857,3.257142857,0.085714286,0,1.189189189,0.771428571,18.08571429,22,28,3,125,9,1,637,18,4.484444409,2058.32621,38,37,37,38,37,37,37,37,33,37,37,37,1,37,37,37,120,37,120,36.84297521,119.8684211,36.84297521,119.7368421,36.47933884,0,0,0,0,119.8684211,36.84297521,0.012275732,0.553824363,0.047686497,0.001416431,0,0,0.085930123,45.11538462,3.884615385,0.115384615,0,0,7,0.086104007,0.002557545,0,0,0.155157715,0.02970297,0,0,1.801980198,0,0,60.66666667,,,,32,33,3.5,5,23,1,61,1,0.293385724,0,0,1,1
39,phoenix,1-Phoenix,"org.apache.phoenix.coprocessor.MetaDataEndpointImpl.doDropSchema(long,java.lang.String,byte[],java.util.List<org.apache.hadoop.hbase.client.Mutation>,java.util.List<org.apache.phoenix.hbase.index.util.ImmutableBytesPtr>)",1,4,2,4,0.833333333,0,0,0.00015974,0.87191358,0.555555556,0.004690803,0.277836217,1,1,0.024841438,1,0.258783221,0.897777778,4.714285714,12,0.035555556,1,2.111888112,14,100,7.475555556,45,0.541440322,0.096225045,0.949546915,0.243243243,0.052631579,0.513513514,0.027777778,0.243243243,10.28947368,0.142857143,14.97142857,0.714285714,59.77142857,0.057142857,3.257142857,0.085714286,0,1.189189189,0.771428571,18.08571429,22,28,3,125,9,1,637,18,4.484444409,2058.32621,38,37,37,38,37,37,37,37,33,37,37,37,1,37,37,37,120,37,120,36.84297521,119.8684211,36.84297521,119.7368421,36.47933884,0,0,0,0,119.8684211,36.84297521,0.012275732,0.553824363,0.047686497,0.001416431,0,0,0.085930123,45.11538462,3.884615385,0.115384615,0,0,7,0.086104007,0.002557545,0,0,0.155157715,0.02970297,0,0,1.801980198,0,0,60.66666667,,,,32,33,3.5,5,23,1,284,1,0.147347741,0,0,1,1
44,phoenix,1-Phoenix,"org.apache.phoenix.coprocessor.MetaDataEndpointImpl.doDropSchema(long,java.lang.String,byte[],java.util.List<org.apache.hadoop.hbase.client.Mutation>,java.util.List<org.apache.phoenix.hbase.index.util.ImmutableBytesPtr>)",1,2,1,4,0.833333333,0,0,0.00015974,0.87191358,0.555555556,0.004690803,0.277836217,1,1,0.024841438,1,0.258783221,0.897777778,4.714285714,12,0.035555556,1,2.111888112,14,100,7.475555556,45,0.541440322,0.096225045,0.949546915,0.243243243,0.052631579,0.513513514,0.027777778,0.243243243,10.28947368,0.142857143,14.97142857,0.714285714,59.77142857,0.057142857,3.257142857,0.085714286,0,1.189189189,0.771428571,18.08571429,22,28,3,125,9,1,637,18,4.484444409,2058.32621,38,37,37,38,37,37,37,37,33,37,37,37,1,37,37,37,120,37,120,36.84297521,119.8684211,36.84297521,119.7368421,36.47933884,0,0,0,0,119.8684211,36.84297521,0.012275732,0.553824363,0.047686497,0.001416431,0,0,0.085930123,45.11538462,3.884615385,0.115384615,0,0,7,0.086104007,0.002557545,0,0,0.155157715,0.02970297,0,0,1.801980198,0,0,60.66666667,,,,32,33,3.5,5,23,0,,0,0,0,0,0,0
35,phoenix,1-Phoenix,"org.apache.phoenix.coprocessor.MetaDataEndpointImpl.doDropSchema(long,java.lang.String,byte[],java.util.List<org.apache.hadoop.hbase.client.Mutation>,java.util.List<org.apache.phoenix.hbase.index.util.ImmutableBytesPtr>)",1,3,1,4,0.833333333,0,0,0.00015974,0.87191358,0.555555556,0.004690803,0.277836217,1,1,0.024841438,1,0.258783221,0.897777778,4.714285714,12,0.035555556,1,2.111888112,14,100,7.475555556,45,0.541440322,0.096225045,0.949546915,0.243243243,0.052631579,0.513513514,0.027777778,0.243243243,10.28947368,0.142857143,14.97142857,0.714285714,59.77142857,0.057142857,3.257142857,0.085714286,0,1.189189189,0.771428571,18.08571429,22,28,3,125,9,1,637,18,4.484444409,2058.32621,38,37,37,38,37,37,37,37,33,37,37,37,1,37,37,37,120,37,120,36.84297521,119.8684211,36.84297521,119.7368421,36.47933884,0,0,0,0,119.8684211,36.84297521,0.012275732,0.553824363,0.047686497,0.001416431,0,0,0.085930123,45.11538462,3.884615385,0.115384615,0,0,7,0.086104007,0.002557545,0,0,0.155157715,0.02970297,0,0,1.801980198,0,0,60.66666667,,,,32,33,3.5,5,23,0,,0,0,0,0,0,0
8,phoenix,1-Phoenix,"org.apache.phoenix.coprocessor.MetaDataEndpointImpl.doDropSchema(long,java.lang.String,byte[],java.util.List<org.apache.hadoop.hbase.client.Mutation>,java.util.List<org.apache.phoenix.hbase.index.util.ImmutableBytesPtr>)",4,5,2,4,0.833333333,0,0,0.00015974,0.87191358,0.555555556,0.004690803,0.277836217,1,1,0.024841438,1,0.258783221,0.897777778,4.714285714,12,0.035555556,1,2.111888112,14,100,7.475555556,45,0.541440322,0.096225045,0.949546915,0.243243243,0.052631579,0.513513514,0.027777778,0.243243243,10.28947368,0.142857143,14.97142857,0.714285714,59.77142857,0.057142857,3.257142857,0.085714286,0,1.189189189,0.771428571,18.08571429,22,28,3,125,9,1,637,18,4.484444409,2058.32621,38,37,37,38,37,37,37,37,33,37,37,37,1,37,37,37,120,37,120,36.84297521,119.8684211,36.84297521,119.7368421,36.47933884,0,0,0,0,119.8684211,36.84297521,0.012275732,0.553824363,0.047686497,0.001416431,0,0,0.085930123,45.11538462,3.884615385,0.115384615,0,0,7,0.086104007,0.002557545,0,0,0.155157715,0.02970297,0,0,1.801980198,0,0,60.66666667,,,,32,33,3.5,5,23,0,,0,0,0,0,0,0
68,phoenix,1-Phoenix,"org.apache.phoenix.coprocessor.MetaDataEndpointImpl.doDropSchema(long,java.lang.String,byte[],java.util.List<org.apache.hadoop.hbase.client.Mutation>,java.util.List<org.apache.phoenix.hbase.index.util.ImmutableBytesPtr>)",1,2,1,4,0.833333333,0,0,0.00015974,0.87191358,0.555555556,0.004690803,0.277836217,1,1,0.024841438,1,0.258783221,0.897777778,4.714285714,12,0.035555556,1,2.111888112,14,100,7.475555556,45,0.541440322,0.096225045,0.949546915,0.243243243,0.052631579,0.513513514,0.027777778,0.243243243,10.28947368,0.142857143,14.97142857,0.714285714,59.77142857,0.057142857,3.257142857,0.085714286,0,1.189189189,0.771428571,18.08571429,22,28,3,125,9,1,637,18,4.484444409,2058.32621,38,37,37,38,37,37,37,37,33,37,37,37,1,37,37,37,120,37,120,36.84297521,119.8684211,36.84297521,119.7368421,36.47933884,0,0,0,0,119.8684211,36.84297521,0.012275732,0.553824363,0.047686497,0.001416431,0,0,0.085930123,45.11538462,3.884615385,0.115384615,0,0,7,0.086104007,0.002557545,0,0,0.155157715,0.02970297,0,0,1.801980198,0,0,60.66666667,,,,32,33,3.5,5,23,0,,0,0,0,0,0,0
81,phoenix,1-Phoenix,"org.apache.phoenix.coprocessor.MetaDataEndpointImpl.doDropSchema(long,java.lang.String,byte[],java.util.List<org.apache.hadoop.hbase.client.Mutation>,java.util.List<org.apache.phoenix.hbase.index.util.ImmutableBytesPtr>)",4,7,3,4,0.833333333,0,0,0.00015974,0.87191358,0.555555556,0.004690803,0.277836217,1,1,0.024841438,1,0.258783221,0.897777778,4.714285714,12,0.035555556,1,2.111888112,14,100,7.475555556,45,0.541440322,0.096225045,0.949546915,0.243243243,0.052631579,0.513513514,0.027777778,0.243243243,10.28947368,0.142857143,14.97142857,0.714285714,59.77142857,0.057142857,3.257142857,0.085714286,0,1.189189189,0.771428571,18.08571429,22,28,3,125,9,1,637,18,4.484444409,2058.32621,38,37,37,38,37,37,37,37,33,37,37,37,1,37,37,37,120,37,120,36.84297521,119.8684211,36.84297521,119.7368421,36.47933884,0,0,0,0,119.8684211,36.84297521,0.012275732,0.553824363,0.047686497,0.001416431,0,0,0.085930123,45.11538462,3.884615385,0.115384615,0,0,7,0.086104007,0.002557545,0,0,0.155157715,0.02970297,0,0,1.801980198,0,0,60.66666667,,,,32,33,3.5,5,23,0,,0,0,0,0,0,0
12,phoenix,2-Phoenix,"org.apache.phoenix.expression.ModulusExpression.evaluate(org.apache.phoenix.schema.tuple.Tuple,org.apache.hadoop.hbase.io.ImmutableBytesWritable)",4,10,2,3,0.5,0,0.001849894,0.000810109,0.626860119,0.375,0.001849894,0.000810109,0.875,1,0.001849894,0.000810109,0.527288437,0.795918367,4.582278481,10,0.479591837,2,1.937062937,8,100,9.642857143,45,0.593157773,0.316227766,1,0.222222222,0,0.259259259,0.035714286,0.074074074,9.2,0.148148148,9.185185185,0.62962963,38.44444444,0,2.222222222,0.111111111,0.037037037,1.074074074,0.62962963,10.07407407,22,16,3,119,8,1,315,12,4.402711552,1072.40958,31,26,25,31,27,27,1,20,28,1,25,25,27,24,27,16,118.9677419,29.64166667,118.9677419,29.73333333,119,29.53333333,119,29.5,0,0,0,0,118.8709677,29.65,0.117493473,0.480417755,0.064403829,0.002610966,0,0,0.098346388,4.088888889,0.548148148,0.022222222,0,0,0.837037037,0.134057971,0.005434783,0,0,0.204710145,0.040540541,0,0,1.527027027,0,0,37.66666667,,,,22,22,2,2,17,0,,0,0,0,0,0,0
22,phoenix,2-Phoenix,"org.apache.phoenix.expression.ModulusExpression.evaluate(org.apache.phoenix.schema.tuple.Tuple,org.apache.hadoop.hbase.io.ImmutableBytesWritable)",1,2,1,3,0.5,0,0.001849894,0.000810109,0.626860119,0.375,0.001849894,0.000810109,0.875,1,0.001849894,0.000810109,0.527288437,0.795918367,4.582278481,10,0.479591837,2,1.937062937,8,100,9.642857143,45,0.593157773,0.316227766,1,0.222222222,0,0.259259259,0.035714286,0.074074074,9.2,0.148148148,9.185185185,0.62962963,38.44444444,0,2.222222222,0.111111111,0.037037037,1.074074074,0.62962963,10.07407407,22,16,3,119,8,1,315,12,4.402711552,1072.40958,31,26,25,31,27,27,1,20,28,1,25,25,27,24,27,16,118.9677419,29.64166667,118.9677419,29.73333333,119,29.53333333,119,29.5,0,0,0,0,118.8709677,29.65,0.117493473,0.480417755,0.064403829,0.002610966,0,0,0.098346388,4.088888889,0.548148148,0.022222222,0,0,0.837037037,0.134057971,0.005434783,0,0,0.204710145,0.040540541,0,0,1.527027027,0,0,37.66666667,,,,22,22,2,2,17,0,,0,0,0,0,0,0
24,phoenix,2-Phoenix,"org.apache.phoenix.expression.ModulusExpression.evaluate(org.apache.phoenix.schema.tuple.Tuple,org.apache.hadoop.hbase.io.ImmutableBytesWritable)",1,2,1,3,0.5,0,0.001849894,0.000810109,0.626860119,0.375,0.001849894,0.000810109,0.875,1,0.001849894,0.000810109,0.527288437,0.795918367,4.582278481,10,0.479591837,2,1.937062937,8,100,9.642857143,45,0.593157773,0.316227766,1,0.222222222,0,0.259259259,0.035714286,0.074074074,9.2,0.148148148,9.185185185,0.62962963,38.44444444,0,2.222222222,0.111111111,0.037037037,1.074074074,0.62962963,10.07407407,22,16,3,119,8,1,315,12,4.402711552,1072.40958,31,26,25,31,27,27,1,20,28,1,25,25,27,24,27,16,118.9677419,29.64166667,118.9677419,29.73333333,119,29.53333333,119,29.5,0,0,0,0,118.8709677,29.65,0.117493473,0.480417755,0.064403829,0.002610966,0,0,0.098346388,4.088888889,0.548148148,0.022222222,0,0,0.837037037,0.134057971,0.005434783,0,0,0.204710145,0.040540541,0,0,1.527027027,0,0,37.66666667,,,,22,22,2,2,17,0,,0,0,0,0,0,0
14,phoenix,2-Phoenix,"org.apache.phoenix.expression.ModulusExpression.evaluate(org.apache.phoenix.schema.tuple.Tuple,org.apache.hadoop.hbase.io.ImmutableBytesWritable)",4,3,3,3,0.5,0,0.001849894,0.000810109,0.626860119,0.375,0.001849894,0.000810109,0.875,1,0.001849894,0.000810109,0.527288437,0.795918367,4.582278481,10,0.479591837,2,1.937062937,8,100,9.642857143,45,0.593157773,0.316227766,1,0.222222222,0,0.259259259,0.035714286,0.074074074,9.2,0.148148148,9.185185185,0.62962963,38.44444444,0,2.222222222,0.111111111,0.037037037,1.074074074,0.62962963,10.07407407,22,16,3,119,8,1,315,12,4.402711552,1072.40958,31,26,25,31,27,27,1,20,28,1,25,25,27,24,27,16,118.9677419,29.64166667,118.9677419,29.73333333,119,29.53333333,119,29.5,0,0,0,0,118.8709677,29.65,0.117493473,0.480417755,0.064403829,0.002610966,0,0,0.098346388,4.088888889,0.548148148,0.022222222,0,0,0.837037037,0.134057971,0.005434783,0,0,0.204710145,0.040540541,0,0,1.527027027,0,0,37.66666667,,,,22,22,2,2,17,0,,0,0,0,0,0,0
44,phoenix,2-Phoenix,"org.apache.phoenix.expression.ModulusExpression.evaluate(org.apache.phoenix.schema.tuple.Tuple,org.apache.hadoop.hbase.io.ImmutableBytesWritable)",1,2,1,3,0.5,0,0.001849894,0.000810109,0.626860119,0.375,0.001849894,0.000810109,0.875,1,0.001849894,0.000810109,0.527288437,0.795918367,4.582278481,10,0.479591837,2,1.937062937,8,100,9.642857143,45,0.593157773,0.316227766,1,0.222222222,0,0.259259259,0.035714286,0.074074074,9.2,0.148148148,9.185185185,0.62962963,38.44444444,0,2.222222222,0.111111111,0.037037037,1.074074074,0.62962963,10.07407407,22,16,3,119,8,1,315,12,4.402711552,1072.40958,31,26,25,31,27,27,1,20,28,1,25,25,27,24,27,16,118.9677419,29.64166667,118.9677419,29.73333333,119,29.53333333,119,29.5,0,0,0,0,118.8709677,29.65,0.117493473,0.480417755,0.064403829,0.002610966,0,0,0.098346388,4.088888889,0.548148148,0.022222222,0,0,0.837037037,0.134057971,0.005434783,0,0,0.204710145,0.040540541,0,0,1.527027027,0,0,37.66666667,,,,22,22,2,2,17,1,38,2,0.616895874,1,0,0,1
35,phoenix,2-Phoenix,"org.apache.phoenix.expression.ModulusExpression.evaluate(org.apache.phoenix.schema.tuple.Tuple,org.apache.hadoop.hbase.io.ImmutableBytesWritable)",1,3,1,3,0.5,0,0.001849894,0.000810109,0.626860119,0.375,0.001849894,0.000810109,0.875,1,0.001849894,0.000810109,0.527288437,0.795918367,4.582278481,10,0.479591837,2,1.937062937,8,100,9.642857143,45,0.593157773,0.316227766,1,0.222222222,0,0.259259259,0.035714286,0.074074074,9.2,0.148148148,9.185185185,0.62962963,38.44444444,0,2.222222222,0.111111111,0.037037037,1.074074074,0.62962963,10.07407407,22,16,3,119,8,1,315,12,4.402711552,1072.40958,31,26,25,31,27,27,1,20,28,1,25,25,27,24,27,16,118.9677419,29.64166667,118.9677419,29.73333333,119,29.53333333,119,29.5,0,0,0,0,118.8709677,29.65,0.117493473,0.480417755,0.064403829,0.002610966,0,0,0.098346388,4.088888889,0.548148148,0.022222222,0,0,0.837037037,0.134057971,0.005434783,0,0,0.204710145,0.040540541,0,0,1.527027027,0,0,37.66666667,,,,22,22,2,2,17,1,18,1,0.321545514,0,0,1,1
47,phoenix,2-Phoenix,"org.apache.phoenix.expression.ModulusExpression.evaluate(org.apache.phoenix.schema.tuple.Tuple,org.apache.hadoop.hbase.io.ImmutableBytesWritable)",1,4,3,3,0.5,0,0.001849894,0.000810109,0.626860119,0.375,0.001849894,0.000810109,0.875,1,0.001849894,0.000810109,0.527288437,0.795918367,4.582278481,10,0.479591837,2,1.937062937,8,100,9.642857143,45,0.593157773,0.316227766,1,0.222222222,0,0.259259259,0.035714286,0.074074074,9.2,0.148148148,9.185185185,0.62962963,38.44444444,0,2.222222222,0.111111111,0.037037037,1.074074074,0.62962963,10.07407407,22,16,3,119,8,1,315,12,4.402711552,1072.40958,31,26,25,31,27,27,1,20,28,1,25,25,27,24,27,16,118.9677419,29.64166667,118.9677419,29.73333333,119,29.53333333,119,29.5,0,0,0,0,118.8709677,29.65,0.117493473,0.480417755,0.064403829,0.002610966,0,0,0.098346388,4.088888889,0.548148148,0.022222222,0,0,0.837037037,0.134057971,0.005434783,0,0,0.204710145,0.040540541,0,0,1.527027027,0,0,37.66666667,,,,22,22,2,2,17,0,,0,0,0,0,0,0
68,phoenix,2-Phoenix,"org.apache.phoenix.expression.ModulusExpression.evaluate(org.apache.phoenix.schema.tuple.Tuple,org.apache.hadoop.hbase.io.ImmutableBytesWritable)",1,2,1,3,0.5,0,0.001849894,0.000810109,0.626860119,0.375,0.001849894,0.000810109,0.875,1,0.001849894,0.000810109,0.527288437,0.795918367,4.582278481,10,0.479591837,2,1.937062937,8,100,9.642857143,45,0.593157773,0.316227766,1,0.222222222,0,0.259259259,0.035714286,0.074074074,9.2,0.148148148,9.185185185,0.62962963,38.44444444,0,2.222222222,0.111111111,0.037037037,1.074074074,0.62962963,10.07407407,22,16,3,119,8,1,315,12,4.402711552,1072.40958,31,26,25,31,27,27,1,20,28,1,25,25,27,24,27,16,118.9677419,29.64166667,118.9677419,29.73333333,119,29.53333333,119,29.5,0,0,0,0,118.8709677,29.65,0.117493473,0.480417755,0.064403829,0.002610966,0,0,0.098346388,4.088888889,0.548148148,0.022222222,0,0,0.837037037,0.134057971,0.005434783,0,0,0.204710145,0.040540541,0,0,1.527027027,0,0,37.66666667,,,,22,22,2,2,17,0,,0,0,0,0,0,0
81,phoenix,2-Phoenix,"org.apache.phoenix.expression.ModulusExpression.evaluate(org.apache.phoenix.schema.tuple.Tuple,org.apache.hadoop.hbase.io.ImmutableBytesWritable)",4,7,3,3,0.5,0,0.001849894,0.000810109,0.626860119,0.375,0.001849894,0.000810109,0.875,1,0.001849894,0.000810109,0.527288437,0.795918367,4.582278481,10,0.479591837,2,1.937062937,8,100,9.642857143,45,0.593157773,0.316227766,1,0.222222222,0,0.259259259,0.035714286,0.074074074,9.2,0.148148148,9.185185185,0.62962963,38.44444444,0,2.222222222,0.111111111,0.037037037,1.074074074,0.62962963,10.07407407,22,16,3,119,8,1,315,12,4.402711552,1072.40958,31,26,25,31,27,27,1,20,28,1,25,25,27,24,27,16,118.9677419,29.64166667,118.9677419,29.73333333,119,29.53333333,119,29.5,0,0,0,0,118.8709677,29.65,0.117493473,0.480417755,0.064403829,0.002610966,0,0,0.098346388,4.088888889,0.548148148,0.022222222,0,0,0.837037037,0.134057971,0.005434783,0,0,0.204710145,0.040540541,0,0,1.527027027,0,0,37.66666667,,,,22,22,2,2,17,0,,0,0,0,0,0,0
4,phoenix,3-Phoenix,org.apache.phoenix.flume.serializer.BaseEventSerializer.configure(org.apache.flume.Context),1,2,1,5,0.5,0,0,0.000235046,0.644301471,0.125,0.007447626,0.012518701,0.75,0.5,0.014799154,0.026952701,0.133943856,0.822147651,5.261044177,11,0,0,3.882513661,24,0,7.372483221,38,0.266554252,0.074535599,0.778498944,0.244897959,0.020408163,0.244897959,0.020408163,0,8.457446809,0.083333333,9.125,0.479166667,51.41666667,0.041666667,3.916666667,0,0,1.142857143,0.979166667,10.6875,28,16,2,161,17,0,559,16,4.86697493,2275.889077,49,49,48,49,1,49,49,49,48,49,48,1,1,45,49,48,0,0,160.9795918,47.7962963,160.8367347,47.88888889,0,0,160.9795918,47.91975309,0,0,160.877551,47.77777778,0,0.51734104,0.036746491,0,0.178364988,0,0.082163501,,,,,,,0.071029529,0,0.344772546,0,0.158818835,0,4.853932584,0,2.235955056,,,,0,0.460648148,,110,156,2.5,1,31,1,644,2,0,1,0,0,1
27,phoenix,3-Phoenix,org.apache.phoenix.flume.serializer.BaseEventSerializer.configure(org.apache.flume.Context),1,5,5,5,0.5,0,0,0.000235046,0.644301471,0.125,0.007447626,0.012518701,0.75,0.5,0.014799154,0.026952701,0.133943856,0.822147651,5.261044177,11,0,0,3.882513661,24,0,7.372483221,38,0.266554252,0.074535599,0.778498944,0.244897959,0.020408163,0.244897959,0.020408163,0,8.457446809,0.083333333,9.125,0.479166667,51.41666667,0.041666667,3.916666667,0,0,1.142857143,0.979166667,10.6875,28,16,2,161,17,0,559,16,4.86697493,2275.889077,49,49,48,49,1,49,49,49,48,49,48,1,1,45,49,48,0,0,160.9795918,47.7962963,160.8367347,47.88888889,0,0,160.9795918,47.91975309,0,0,160.877551,47.77777778,0,0.51734104,0.036746491,0,0.178364988,0,0.082163501,,,,,,,0.071029529,0,0.344772546,0,0.158818835,0,4.853932584,0,2.235955056,,,,0,0.460648148,,110,156,2.5,1,31,1,151,3,0.703339882,1,1,0,0
33,phoenix,3-Phoenix,org.apache.phoenix.flume.serializer.BaseEventSerializer.configure(org.apache.flume.Context),1,4,1,5,0.5,0,0,0.000235046,0.644301471,0.125,0.007447626,0.012518701,0.75,0.5,0.014799154,0.026952701,0.133943856,0.822147651,5.261044177,11,0,0,3.882513661,24,0,7.372483221,38,0.266554252,0.074535599,0.778498944,0.244897959,0.020408163,0.244897959,0.020408163,0,8.457446809,0.083333333,9.125,0.479166667,51.41666667,0.041666667,3.916666667,0,0,1.142857143,0.979166667,10.6875,28,16,2,161,17,0,559,16,4.86697493,2275.889077,49,49,48,49,1,49,49,49,48,49,48,1,1,45,49,48,0,0,160.9795918,47.7962963,160.8367347,47.88888889,0,0,160.9795918,47.91975309,0,0,160.877551,47.77777778,0,0.51734104,0.036746491,0,0.178364988,0,0.082163501,,,,,,,0.071029529,0,0.344772546,0,0.158818835,0,4.853932584,0,2.235955056,,,,0,0.460648148,,110,156,2.5,1,31,1,85,1,0.277668631,0,0,1,1
34,phoenix,3-Phoenix,org.apache.phoenix.flume.serializer.BaseEventSerializer.configure(org.apache.flume.Context),1,4,4,5,0.5,0,0,0.000235046,0.644301471,0.125,0.007447626,0.012518701,0.75,0.5,0.014799154,0.026952701,0.133943856,0.822147651,5.261044177,11,0,0,3.882513661,24,0,7.372483221,38,0.266554252,0.074535599,0.778498944,0.244897959,0.020408163,0.244897959,0.020408163,0,8.457446809,0.083333333,9.125,0.479166667,51.41666667,0.041666667,3.916666667,0,0,1.142857143,0.979166667,10.6875,28,16,2,161,17,0,559,16,4.86697493,2275.889077,49,49,48,49,1,49,49,49,48,49,48,1,1,45,49,48,0,0,160.9795918,47.7962963,160.8367347,47.88888889,0,0,160.9795918,47.91975309,0,0,160.877551,47.77777778,0,0.51734104,0.036746491,0,0.178364988,0,0.082163501,,,,,,,0.071029529,0,0.344772546,0,0.158818835,0,4.853932584,0,2.235955056,,,,0,0.460648148,,110,156,2.5,1,31,0,,0,0,0,0,0,0
45,phoenix,3-Phoenix,org.apache.phoenix.flume.serializer.BaseEventSerializer.configure(org.apache.flume.Context),1,1,1,5,0.5,0,0,0.000235046,0.644301471,0.125,0.007447626,0.012518701,0.75,0.5,0.014799154,0.026952701,0.133943856,0.822147651,5.261044177,11,0,0,3.882513661,24,0,7.372483221,38,0.266554252,0.074535599,0.778498944,0.244897959,0.020408163,0.244897959,0.020408163,0,8.457446809,0.083333333,9.125,0.479166667,51.41666667,0.041666667,3.916666667,0,0,1.142857143,0.979166667,10.6875,28,16,2,161,17,0,559,16,4.86697493,2275.889077,49,49,48,49,1,49,49,49,48,49,48,1,1,45,49,48,0,0,160.9795918,47.7962963,160.8367347,47.88888889,0,0,160.9795918,47.91975309,0,0,160.877551,47.77777778,0,0.51734104,0.036746491,0,0.178364988,0,0.082163501,,,,,,,0.071029529,0,0.344772546,0,0.158818835,0,4.853932584,0,2.235955056,,,,0,0.460648148,,110,156,2.5,1,31,1,15,1,0.323510151,0,0,1,1
47,phoenix,3-Phoenix,org.apache.phoenix.flume.serializer.BaseEventSerializer.configure(org.apache.flume.Context),1,4,3,5,0.5,0,0,0.000235046,0.644301471,0.125,0.007447626,0.012518701,0.75,0.5,0.014799154,0.026952701,0.133943856,0.822147651,5.261044177,11,0,0,3.882513661,24,0,7.372483221,38,0.266554252,0.074535599,0.778498944,0.244897959,0.020408163,0.244897959,0.020408163,0,8.457446809,0.083333333,9.125,0.479166667,51.41666667,0.041666667,3.916666667,0,0,1.142857143,0.979166667,10.6875,28,16,2,161,17,0,559,16,4.86697493,2275.889077,49,49,48,49,1,49,49,49,48,49,48,1,1,45,49,48,0,0,160.9795918,47.7962963,160.8367347,47.88888889,0,0,160.9795918,47.91975309,0,0,160.877551,47.77777778,0,0.51734104,0.036746491,0,0.178364988,0,0.082163501,,,,,,,0.071029529,0,0.344772546,0,0.158818835,0,4.853932584,0,2.235955056,,,,0,0.460648148,,110,156,2.5,1,31,1,47,1,0.302554028,0,0,1,1
55,phoenix,3-Phoenix,org.apache.phoenix.flume.serializer.BaseEventSerializer.configure(org.apache.flume.Context),2,2,1,5,0.5,0,0,0.000235046,0.644301471,0.125,0.007447626,0.012518701,0.75,0.5,0.014799154,0.026952701,0.133943856,0.822147651,5.261044177,11,0,0,3.882513661,24,0,7.372483221,38,0.266554252,0.074535599,0.778498944,0.244897959,0.020408163,0.244897959,0.020408163,0,8.457446809,0.083333333,9.125,0.479166667,51.41666667,0.041666667,3.916666667,0,0,1.142857143,0.979166667,10.6875,28,16,2,161,17,0,559,16,4.86697493,2275.889077,49,49,48,49,1,49,49,49,48,49,48,1,1,45,49,48,0,0,160.9795918,47.7962963,160.8367347,47.88888889,0,0,160.9795918,47.91975309,0,0,160.877551,47.77777778,0,0.51734104,0.036746491,0,0.178364988,0,0.082163501,,,,,,,0.071029529,0,0.344772546,0,0.158818835,0,4.853932584,0,2.235955056,,,,0,0.460648148,,110,156,2.5,1,31,1,571,2,0,1,0,0,1
69,phoenix,3-Phoenix,org.apache.phoenix.flume.serializer.BaseEventSerializer.configure(org.apache.flume.Context),4,10,2,5,0.5,0,0,0.000235046,0.644301471,0.125,0.007447626,0.012518701,0.75,0.5,0.014799154,0.026952701,0.133943856,0.822147651,5.261044177,11,0,0,3.882513661,24,0,7.372483221,38,0.266554252,0.074535599,0.778498944,0.244897959,0.020408163,0.244897959,0.020408163,0,8.457446809,0.083333333,9.125,0.479166667,51.41666667,0.041666667,3.916666667,0,0,1.142857143,0.979166667,10.6875,28,16,2,161,17,0,559,16,4.86697493,2275.889077,49,49,48,49,1,49,49,49,48,49,48,1,1,45,49,48,0,0,160.9795918,47.7962963,160.8367347,47.88888889,0,0,160.9795918,47.91975309,0,0,160.877551,47.77777778,0,0.51734104,0.036746491,0,0.178364988,0,0.082163501,,,,,,,0.071029529,0,0.344772546,0,0.158818835,0,4.853932584,0,2.235955056,,,,0,0.460648148,,110,156,2.5,1,31,1,455,3,0.106090373,1,1,0,0
81,phoenix,3-Phoenix,org.apache.phoenix.flume.serializer.BaseEventSerializer.configure(org.apache.flume.Context),4,7,3,5,0.5,0,0,0.000235046,0.644301471,0.125,0.007447626,0.012518701,0.75,0.5,0.014799154,0.026952701,0.133943856,0.822147651,5.261044177,11,0,0,3.882513661,24,0,7.372483221,38,0.266554252,0.074535599,0.778498944,0.244897959,0.020408163,0.244897959,0.020408163,0,8.457446809,0.083333333,9.125,0.479166667,51.41666667,0.041666667,3.916666667,0,0,1.142857143,0.979166667,10.6875,28,16,2,161,17,0,559,16,4.86697493,2275.889077,49,49,48,49,1,49,49,49,48,49,48,1,1,45,49,48,0,0,160.9795918,47.7962963,160.8367347,47.88888889,0,0,160.9795918,47.91975309,0,0,160.877551,47.77777778,0,0.51734104,0.036746491,0,0.178364988,0,0.082163501,,,,,,,0.071029529,0,0.344772546,0,0.158818835,0,4.853932584,0,2.235955056,,,,0,0.460648148,,110,156,2.5,1,31,1,146,3,0.713163065,1,1,0,0
12,phoenix,4-Phoenix,org.apache.phoenix.flume.sink.PhoenixSink.process(),4,10,2,7,0.75,1,0,0,0.75,1,0.001849894,0.061222559,0.75,1,0.024841438,1,0.327948004,0.838709677,4.687179487,11,0.032258065,1,4.180379747,25,100,6.612903226,44,0.411582867,0.068041382,0.881917104,0.188405797,0,0.072463768,0.014285714,0.101449275,7.917197452,0.072463768,13.01449275,0.434782609,38.2173913,0.043478261,2.275362319,0.028985507,0.072463768,0.869565217,0.594202899,14.44927536,30,32,3,100,13,1,1021,17,4.065431924,2537.665601,70,69,69,70,69,69,69,69,55,69,69,69,69,66,67,69,100,69,99.98571429,68.84158416,99.85714286,68.77227723,98.94285714,68.53465347,99.95714286,68.87128713,0,0,99.87142857,68.73267327,0.006456513,0.410558299,0.042916825,0.00075959,0.08355488,0,0.088492214,63.58823529,6.647058824,0.117647059,12.94117647,0,13.70588235,0.10453284,0.001850139,0.203515264,0,0.215541166,0.017699115,1.946902655,0,2.061946903,110,0,116.5,0,1.059090909,,60,63,3.4,0,44,0,,0,0,0,0,0,0
24,phoenix,4-Phoenix,org.apache.phoenix.flume.sink.PhoenixSink.process(),1,2,1,7,0.75,1,0,0,0.75,1,0.001849894,0.061222559,0.75,1,0.024841438,1,0.327948004,0.838709677,4.687179487,11,0.032258065,1,4.180379747,25,100,6.612903226,44,0.411582867,0.068041382,0.881917104,0.188405797,0,0.072463768,0.014285714,0.101449275,7.917197452,0.072463768,13.01449275,0.434782609,38.2173913,0.043478261,2.275362319,0.028985507,0.072463768,0.869565217,0.594202899,14.44927536,30,32,3,100,13,1,1021,17,4.065431924,2537.665601,70,69,69,70,69,69,69,69,55,69,69,69,69,66,67,69,100,69,99.98571429,68.84158416,99.85714286,68.77227723,98.94285714,68.53465347,99.95714286,68.87128713,0,0,99.87142857,68.73267327,0.006456513,0.410558299,0.042916825,0.00075959,0.08355488,0,0.088492214,63.58823529,6.647058824,0.117647059,12.94117647,0,13.70588235,0.10453284,0.001850139,0.203515264,0,0.215541166,0.017699115,1.946902655,0,2.061946903,110,0,116.5,0,1.059090909,,60,63,3.4,0,44,1,10,2,0.65356909,1,0,0,1
33,phoenix,4-Phoenix,org.apache.phoenix.flume.sink.PhoenixSink.process(),1,4,1,7,0.75,1,0,0,0.75,1,0.001849894,0.061222559,0.75,1,0.024841438,1,0.327948004,0.838709677,4.687179487,11,0.032258065,1,4.180379747,25,100,6.612903226,44,0.411582867,0.068041382,0.881917104,0.188405797,0,0.072463768,0.014285714,0.101449275,7.917197452,0.072463768,13.01449275,0.434782609,38.2173913,0.043478261,2.275362319,0.028985507,0.072463768,0.869565217,0.594202899,14.44927536,30,32,3,100,13,1,1021,17,4.065431924,2537.665601,70,69,69,70,69,69,69,69,55,69,69,69,69,66,67,69,100,69,99.98571429,68.84158416,99.85714286,68.77227723,98.94285714,68.53465347,99.95714286,68.87128713,0,0,99.87142857,68.73267327,0.006456513,0.410558299,0.042916825,0.00075959,0.08355488,0,0.088492214,63.58823529,6.647058824,0.117647059,12.94117647,0,13.70588235,0.10453284,0.001850139,0.203515264,0,0.215541166,0.017699115,1.946902655,0,2.061946903,110,0,116.5,0,1.059090909,,60,63,3.4,0,44,1,58,3,0.886051081,1,1,0,0
39,phoenix,4-Phoenix,org.apache.phoenix.flume.sink.PhoenixSink.process(),1,4,2,7,0.75,1,0,0,0.75,1,0.001849894,0.061222559,0.75,1,0.024841438,1,0.327948004,0.838709677,4.687179487,11,0.032258065,1,4.180379747,25,100,6.612903226,44,0.411582867,0.068041382,0.881917104,0.188405797,0,0.072463768,0.014285714,0.101449275,7.917197452,0.072463768,13.01449275,0.434782609,38.2173913,0.043478261,2.275362319,0.028985507,0.072463768,0.869565217,0.594202899,14.44927536,30,32,3,100,13,1,1021,17,4.065431924,2537.665601,70,69,69,70,69,69,69,69,55,69,69,69,69,66,67,69,100,69,99.98571429,68.84158416,99.85714286,68.77227723,98.94285714,68.53465347,99.95714286,68.87128713,0,0,99.87142857,68.73267327,0.006456513,0.410558299,0.042916825,0.00075959,0.08355488,0,0.088492214,63.58823529,6.647058824,0.117647059,12.94117647,0,13.70588235,0.10453284,0.001850139,0.203515264,0,0.215541166,0.017699115,1.946902655,0,2.061946903,110,0,116.5,0,1.059090909,,60,63,3.4,0,44,1,483,3,0.05108055,1,1,0,0
45,phoenix,4-Phoenix,org.apache.phoenix.flume.sink.PhoenixSink.process(),1,1,1,7,0.75,1,0,0,0.75,1,0.001849894,0.061222559,0.75,1,0.024841438,1,0.327948004,0.838709677,4.687179487,11,0.032258065,1,4.180379747,25,100,6.612903226,44,0.411582867,0.068041382,0.881917104,0.188405797,0,0.072463768,0.014285714,0.101449275,7.917197452,0.072463768,13.01449275,0.434782609,38.2173913,0.043478261,2.275362319,0.028985507,0.072463768,0.869565217,0.594202899,14.44927536,30,32,3,100,13,1,1021,17,4.065431924,2537.665601,70,69,69,70,69,69,69,69,55,69,69,69,69,66,67,69,100,69,99.98571429,68.84158416,99.85714286,68.77227723,98.94285714,68.53465347,99.95714286,68.87128713,0,0,99.87142857,68.73267327,0.006456513,0.410558299,0.042916825,0.00075959,0.08355488,0,0.088492214,63.58823529,6.647058824,0.117647059,12.94117647,0,13.70588235,0.10453284,0.001850139,0.203515264,0,0.215541166,0.017699115,1.946902655,0,2.061946903,110,0,116.5,0,1.059090909,,60,63,3.4,0,44,1,283,1,0.14800262,0,0,1,1
35,phoenix,4-Phoenix,org.apache.phoenix.flume.sink.PhoenixSink.process(),1,3,1,7,0.75,1,0,0,0.75,1,0.001849894,0.061222559,0.75,1,0.024841438,1,0.327948004,0.838709677,4.687179487,11,0.032258065,1,4.180379747,25,100,6.612903226,44,0.411582867,0.068041382,0.881917104,0.188405797,0,0.072463768,0.014285714,0.101449275,7.917197452,0.072463768,13.01449275,0.434782609,38.2173913,0.043478261,2.275362319,0.028985507,0.072463768,0.869565217,0.594202899,14.44927536,30,32,3,100,13,1,1021,17,4.065431924,2537.665601,70,69,69,70,69,69,69,69,55,69,69,69,69,66,67,69,100,69,99.98571429,68.84158416,99.85714286,68.77227723,98.94285714,68.53465347,99.95714286,68.87128713,0,0,99.87142857,68.73267327,0.006456513,0.410558299,0.042916825,0.00075959,0.08355488,0,0.088492214,63.58823529,6.647058824,0.117647059,12.94117647,0,13.70588235,0.10453284,0.001850139,0.203515264,0,0.215541166,0.017699115,1.946902655,0,2.061946903,110,0,116.5,0,1.059090909,,60,63,3.4,0,44,0,,0,0,0,0,0,0
8,phoenix,4-Phoenix,org.apache.phoenix.flume.sink.PhoenixSink.process(),4,5,2,7,0.75,1,0,0,0.75,1,0.001849894,0.061222559,0.75,1,0.024841438,1,0.327948004,0.838709677,4.687179487,11,0.032258065,1,4.180379747,25,100,6.612903226,44,0.411582867,0.068041382,0.881917104,0.188405797,0,0.072463768,0.014285714,0.101449275,7.917197452,0.072463768,13.01449275,0.434782609,38.2173913,0.043478261,2.275362319,0.028985507,0.072463768,0.869565217,0.594202899,14.44927536,30,32,3,100,13,1,1021,17,4.065431924,2537.665601,70,69,69,70,69,69,69,69,55,69,69,69,69,66,67,69,100,69,99.98571429,68.84158416,99.85714286,68.77227723,98.94285714,68.53465347,99.95714286,68.87128713,0,0,99.87142857,68.73267327,0.006456513,0.410558299,0.042916825,0.00075959,0.08355488,0,0.088492214,63.58823529,6.647058824,0.117647059,12.94117647,0,13.70588235,0.10453284,0.001850139,0.203515264,0,0.215541166,0.017699115,1.946902655,0,2.061946903,110,0,116.5,0,1.059090909,,60,63,3.4,0,44,1,72,2,0.572364113,1,0,0,1
68,phoenix,4-Phoenix,org.apache.phoenix.flume.sink.PhoenixSink.process(),1,2,1,7,0.75,1,0,0,0.75,1,0.001849894,0.061222559,0.75,1,0.024841438,1,0.327948004,0.838709677,4.687179487,11,0.032258065,1,4.180379747,25,100,6.612903226,44,0.411582867,0.068041382,0.881917104,0.188405797,0,0.072463768,0.014285714,0.101449275,7.917197452,0.072463768,13.01449275,0.434782609,38.2173913,0.043478261,2.275362319,0.028985507,0.072463768,0.869565217,0.594202899,14.44927536,30,32,3,100,13,1,1021,17,4.065431924,2537.665601,70,69,69,70,69,69,69,69,55,69,69,69,69,66,67,69,100,69,99.98571429,68.84158416,99.85714286,68.77227723,98.94285714,68.53465347,99.95714286,68.87128713,0,0,99.87142857,68.73267327,0.006456513,0.410558299,0.042916825,0.00075959,0.08355488,0,0.088492214,63.58823529,6.647058824,0.117647059,12.94117647,0,13.70588235,0.10453284,0.001850139,0.203515264,0,0.215541166,0.017699115,1.946902655,0,2.061946903,110,0,116.5,0,1.059090909,,60,63,3.4,0,44,0,,0,0,0,0,0,0
69,phoenix,4-Phoenix,org.apache.phoenix.flume.sink.PhoenixSink.process(),4,10,2,7,0.75,1,0,0,0.75,1,0.001849894,0.061222559,0.75,1,0.024841438,1,0.327948004,0.838709677,4.687179487,11,0.032258065,1,4.180379747,25,100,6.612903226,44,0.411582867,0.068041382,0.881917104,0.188405797,0,0.072463768,0.014285714,0.101449275,7.917197452,0.072463768,13.01449275,0.434782609,38.2173913,0.043478261,2.275362319,0.028985507,0.072463768,0.869565217,0.594202899,14.44927536,30,32,3,100,13,1,1021,17,4.065431924,2537.665601,70,69,69,70,69,69,69,69,55,69,69,69,69,66,67,69,100,69,99.98571429,68.84158416,99.85714286,68.77227723,98.94285714,68.53465347,99.95714286,68.87128713,0,0,99.87142857,68.73267327,0.006456513,0.410558299,0.042916825,0.00075959,0.08355488,0,0.088492214,63.58823529,6.647058824,0.117647059,12.94117647,0,13.70588235,0.10453284,0.001850139,0.203515264,0,0.215541166,0.017699115,1.946902655,0,2.061946903,110,0,116.5,0,1.059090909,,60,63,3.4,0,44,1,75,3,0.852652259,1,1,0,0
12,phoenix,5-Phoenix,org.apache.phoenix.mapreduce.AbstractBulkLoadTool.parseOptions(java.lang.String[]),4,10,2,4,0.75,0,0,0.000372806,0.916666667,0,0.003303383,0.002132878,1,0,0.009778013,0.003111493,0.53469938,0.842975207,4.311320755,10,0.388429752,2,1.950617284,12,100,10.70247934,37,0.370654145,0.097590007,0.866666667,0.117647059,0.175,0.088235294,0.205882353,0,8.455882353,0.148148148,9.62962963,0.555555556,40,0,2.518518519,0.037037037,0.117647059,0.970588235,0.481481481,12.03703704,21,20,2,95,9,1,377,11,4.486087257,1015.894114,40,34,34,40,1,34,29,34,34,1,33,34,34,34,34,28,93.4,39,95.95,38.79381443,96,38.73195876,96,39,95.95,38.79381443,0,0,95.9,38.69072165,0.169869331,0.365103766,0.044581091,0.00076864,0.100691776,0,0.082244427,2.149321267,0.262443439,0.004524887,0.592760181,0,0.484162896,0.122105263,0.002105263,0.275789474,0,0.225263158,0.017241379,2.25862069,0,1.844827586,131,0,107,0,0.816793893,,29,34,2,1,15,1,69,2,0.576293386,1,0,0,1
24,phoenix,5-Phoenix,org.apache.phoenix.mapreduce.AbstractBulkLoadTool.parseOptions(java.lang.String[]),1,2,1,4,0.75,0,0,0.000372806,0.916666667,0,0.003303383,0.002132878,1,0,0.009778013,0.003111493,0.53469938,0.842975207,4.311320755,10,0.388429752,2,1.950617284,12,100,10.70247934,37,0.370654145,0.097590007,0.866666667,0.117647059,0.175,0.088235294,0.205882353,0,8.455882353,0.148148148,9.62962963,0.555555556,40,0,2.518518519,0.037037037,0.117647059,0.970588235,0.481481481,12.03703704,21,20,2,95,9,1,377,11,4.486087257,1015.894114,40,34,34,40,1,34,29,34,34,1,33,34,34,34,34,28,93.4,39,95.95,38.79381443,96,38.73195876,96,39,95.95,38.79381443,0,0,95.9,38.69072165,0.169869331,0.365103766,0.044581091,0.00076864,0.100691776,0,0.082244427,2.149321267,0.262443439,0.004524887,0.592760181,0,0.484162896,0.122105263,0.002105263,0.275789474,0,0.225263158,0.017241379,2.25862069,0,1.844827586,131,0,107,0,0.816793893,,29,34,2,1,15,1,9,2,0.654878847,1,0,0,1
22,phoenix,5-Phoenix,org.apache.phoenix.mapreduce.AbstractBulkLoadTool.parseOptions(java.lang.String[]),1,2,1,4,0.75,0,0,0.000372806,0.916666667,0,0.003303383,0.002132878,1,0,0.009778013,0.003111493,0.53469938,0.842975207,4.311320755,10,0.388429752,2,1.950617284,12,100,10.70247934,37,0.370654145,0.097590007,0.866666667,0.117647059,0.175,0.088235294,0.205882353,0,8.455882353,0.148148148,9.62962963,0.555555556,40,0,2.518518519,0.037037037,0.117647059,0.970588235,0.481481481,12.03703704,21,20,2,95,9,1,377,11,4.486087257,1015.894114,40,34,34,40,1,34,29,34,34,1,33,34,34,34,34,28,93.4,39,95.95,38.79381443,96,38.73195876,96,39,95.95,38.79381443,0,0,95.9,38.69072165,0.169869331,0.365103766,0.044581091,0.00076864,0.100691776,0,0.082244427,2.149321267,0.262443439,0.004524887,0.592760181,0,0.484162896,0.122105263,0.002105263,0.275789474,0,0.225263158,0.017241379,2.25862069,0,1.844827586,131,0,107,0,0.816793893,,29,34,2,1,15,1,23,3,0.95481336,1,1,0,0
25,phoenix,5-Phoenix,org.apache.phoenix.mapreduce.AbstractBulkLoadTool.parseOptions(java.lang.String[]),1,3,2,4,0.75,0,0,0.000372806,0.916666667,0,0.003303383,0.002132878,1,0,0.009778013,0.003111493,0.53469938,0.842975207,4.311320755,10,0.388429752,2,1.950617284,12,100,10.70247934,37,0.370654145,0.097590007,0.866666667,0.117647059,0.175,0.088235294,0.205882353,0,8.455882353,0.148148148,9.62962963,0.555555556,40,0,2.518518519,0.037037037,0.117647059,0.970588235,0.481481481,12.03703704,21,20,2,95,9,1,377,11,4.486087257,1015.894114,40,34,34,40,1,34,29,34,34,1,33,34,34,34,34,28,93.4,39,95.95,38.79381443,96,38.73195876,96,39,95.95,38.79381443,0,0,95.9,38.69072165,0.169869331,0.365103766,0.044581091,0.00076864,0.100691776,0,0.082244427,2.149321267,0.262443439,0.004524887,0.592760181,0,0.484162896,0.122105263,0.002105263,0.275789474,0,0.225263158,0.017241379,2.25862069,0,1.844827586,131,0,107,0,0.816793893,,29,34,2,1,15,0,,0,0,0,0,0,0
44,phoenix,5-Phoenix,org.apache.phoenix.mapreduce.AbstractBulkLoadTool.parseOptions(java.lang.String[]),1,2,1,4,0.75,0,0,0.000372806,0.916666667,0,0.003303383,0.002132878,1,0,0.009778013,0.003111493,0.53469938,0.842975207,4.311320755,10,0.388429752,2,1.950617284,12,100,10.70247934,37,0.370654145,0.097590007,0.866666667,0.117647059,0.175,0.088235294,0.205882353,0,8.455882353,0.148148148,9.62962963,0.555555556,40,0,2.518518519,0.037037037,0.117647059,0.970588235,0.481481481,12.03703704,21,20,2,95,9,1,377,11,4.486087257,1015.894114,40,34,34,40,1,34,29,34,34,1,33,34,34,34,34,28,93.4,39,95.95,38.79381443,96,38.73195876,96,39,95.95,38.79381443,0,0,95.9,38.69072165,0.169869331,0.365103766,0.044581091,0.00076864,0.100691776,0,0.082244427,2.149321267,0.262443439,0.004524887,0.592760181,0,0.484162896,0.122105263,0.002105263,0.275789474,0,0.225263158,0.017241379,2.25862069,0,1.844827586,131,0,107,0,0.816793893,,29,34,2,1,15,1,21,2,0.639161755,1,0,0,1
35,phoenix,5-Phoenix,org.apache.phoenix.mapreduce.AbstractBulkLoadTool.parseOptions(java.lang.String[]),1,3,1,4,0.75,0,0,0.000372806,0.916666667,0,0.003303383,0.002132878,1,0,0.009778013,0.003111493,0.53469938,0.842975207,4.311320755,10,0.388429752,2,1.950617284,12,100,10.70247934,37,0.370654145,0.097590007,0.866666667,0.117647059,0.175,0.088235294,0.205882353,0,8.455882353,0.148148148,9.62962963,0.555555556,40,0,2.518518519,0.037037037,0.117647059,0.970588235,0.481481481,12.03703704,21,20,2,95,9,1,377,11,4.486087257,1015.894114,40,34,34,40,1,34,29,34,34,1,33,34,34,34,34,28,93.4,39,95.95,38.79381443,96,38.73195876,96,39,95.95,38.79381443,0,0,95.9,38.69072165,0.169869331,0.365103766,0.044581091,0.00076864,0.100691776,0,0.082244427,2.149321267,0.262443439,0.004524887,0.592760181,0,0.484162896,0.122105263,0.002105263,0.275789474,0,0.225263158,0.017241379,2.25862069,0,1.844827586,131,0,107,0,0.816793893,,29,34,2,1,15,0,,0,0,0,0,0,0
8,phoenix,5-Phoenix,org.apache.phoenix.mapreduce.AbstractBulkLoadTool.parseOptions(java.lang.String[]),4,5,2,4,0.75,0,0,0.000372806,0.916666667,0,0.003303383,0.002132878,1,0,0.009778013,0.003111493,0.53469938,0.842975207,4.311320755,10,0.388429752,2,1.950617284,12,100,10.70247934,37,0.370654145,0.097590007,0.866666667,0.117647059,0.175,0.088235294,0.205882353,0,8.455882353,0.148148148,9.62962963,0.555555556,40,0,2.518518519,0.037037037,0.117647059,0.970588235,0.481481481,12.03703704,21,20,2,95,9,1,377,11,4.486087257,1015.894114,40,34,34,40,1,34,29,34,34,1,33,34,34,34,34,28,93.4,39,95.95,38.79381443,96,38.73195876,96,39,95.95,38.79381443,0,0,95.9,38.69072165,0.169869331,0.365103766,0.044581091,0.00076864,0.100691776,0,0.082244427,2.149321267,0.262443439,0.004524887,0.592760181,0,0.484162896,0.122105263,0.002105263,0.275789474,0,0.225263158,0.017241379,2.25862069,0,1.844827586,131,0,107,0,0.816793893,,29,34,2,1,15,1,158,3,0.689587426,1,1,0,0
68,phoenix,5-Phoenix,org.apache.phoenix.mapreduce.AbstractBulkLoadTool.parseOptions(java.lang.String[]),1,2,1,4,0.75,0,0,0.000372806,0.916666667,0,0.003303383,0.002132878,1,0,0.009778013,0.003111493,0.53469938,0.842975207,4.311320755,10,0.388429752,2,1.950617284,12,100,10.70247934,37,0.370654145,0.097590007,0.866666667,0.117647059,0.175,0.088235294,0.205882353,0,8.455882353,0.148148148,9.62962963,0.555555556,40,0,2.518518519,0.037037037,0.117647059,0.970588235,0.481481481,12.03703704,21,20,2,95,9,1,377,11,4.486087257,1015.894114,40,34,34,40,1,34,29,34,34,1,33,34,34,34,34,28,93.4,39,95.95,38.79381443,96,38.73195876,96,39,95.95,38.79381443,0,0,95.9,38.69072165,0.169869331,0.365103766,0.044581091,0.00076864,0.100691776,0,0.082244427,2.149321267,0.262443439,0.004524887,0.592760181,0,0.484162896,0.122105263,0.002105263,0.275789474,0,0.225263158,0.017241379,2.25862069,0,1.844827586,131,0,107,0,0.816793893,,29,34,2,1,15,1,24,2,0.635232482,1,0,0,1
81,phoenix,5-Phoenix,org.apache.phoenix.mapreduce.AbstractBulkLoadTool.parseOptions(java.lang.String[]),4,7,3,4,0.75,0,0,0.000372806,0.916666667,0,0.003303383,0.002132878,1,0,0.009778013,0.003111493,0.53469938,0.842975207,4.311320755,10,0.388429752,2,1.950617284,12,100,10.70247934,37,0.370654145,0.097590007,0.866666667,0.117647059,0.175,0.088235294,0.205882353,0,8.455882353,0.148148148,9.62962963,0.555555556,40,0,2.518518519,0.037037037,0.117647059,0.970588235,0.481481481,12.03703704,21,20,2,95,9,1,377,11,4.486087257,1015.894114,40,34,34,40,1,34,29,34,34,1,33,34,34,34,34,28,93.4,39,95.95,38.79381443,96,38.73195876,96,39,95.95,38.79381443,0,0,95.9,38.69072165,0.169869331,0.365103766,0.044581091,0.00076864,0.100691776,0,0.082244427,2.149321267,0.262443439,0.004524887,0.592760181,0,0.484162896,0.122105263,0.002105263,0.275789474,0,0.225263158,0.017241379,2.25862069,0,1.844827586,131,0,107,0,0.816793893,,29,34,2,1,15,1,38,2,0.616895874,1,0,0,1
9,hibernate-orm,1-HibernateORM,org.hibernate.cfg.AbstractPropertyHolder.getOverriddenColumn(java.lang.String),4,6,4,4,1,0.5,0.136095112,0,1,0.5,0.136095112,0,1,0.5,0.136095112,0,0.772827685,0.972222222,4.542857143,8,2.388888889,7,4.953488372,15,100,9.555555556,37,0.902948627,0.856348839,0.966091783,0.166666667,0,0.083333333,0.333333333,0.166666667,9.75,0.166666667,0.25,0.333333333,27.75,0,2,0,0,0.833333333,0.583333333,2.666666667,24,3,1,91,6,0,235,20,4.901690841,299.5579126,49,12,12,49,12,12,12,10,34,1,12,1,1,12,12,12,98.95918367,47.92,99,47.78,99,47.17,0,0,98.91836735,47.83,0,0,98.79591837,47.67,0.825265099,0.089442139,0.007376671,0,0.022591056,0,0.017980636,0.108379888,0.008938547,0,0.027374302,0,0.021787709,0.082474227,0,0.25257732,0,0.201030928,0,3.0625,0,2.4375,,,,0,0.795918367,,52,106,3,1,5,1,30,2,0.627373936,1,0,0,1
19,hibernate-orm,1-HibernateORM,org.hibernate.cfg.AbstractPropertyHolder.getOverriddenColumn(java.lang.String),1,9,7,4,1,0.5,0.136095112,0,1,0.5,0.136095112,0,1,0.5,0.136095112,0,0.772827685,0.972222222,4.542857143,8,2.388888889,7,4.953488372,15,100,9.555555556,37,0.902948627,0.856348839,0.966091783,0.166666667,0,0.083333333,0.333333333,0.166666667,9.75,0.166666667,0.25,0.333333333,27.75,0,2,0,0,0.833333333,0.583333333,2.666666667,24,3,1,91,6,0,235,20,4.901690841,299.5579126,49,12,12,49,12,12,12,10,34,1,12,1,1,12,12,12,98.95918367,47.92,99,47.78,99,47.17,0,0,98.91836735,47.83,0,0,98.79591837,47.67,0.825265099,0.089442139,0.007376671,0,0.022591056,0,0.017980636,0.108379888,0.008938547,0,0.027374302,0,0.021787709,0.082474227,0,0.25257732,0,0.201030928,0,3.0625,0,2.4375,,,,0,0.795918367,,52,106,3,1,5,1,91,2,0.547478716,1,0,0,1
30,hibernate-orm,1-HibernateORM,org.hibernate.cfg.AbstractPropertyHolder.getOverriddenColumn(java.lang.String),1,3,1,4,1,0.5,0.136095112,0,1,0.5,0.136095112,0,1,0.5,0.136095112,0,0.772827685,0.972222222,4.542857143,8,2.388888889,7,4.953488372,15,100,9.555555556,37,0.902948627,0.856348839,0.966091783,0.166666667,0,0.083333333,0.333333333,0.166666667,9.75,0.166666667,0.25,0.333333333,27.75,0,2,0,0,0.833333333,0.583333333,2.666666667,24,3,1,91,6,0,235,20,4.901690841,299.5579126,49,12,12,49,12,12,12,10,34,1,12,1,1,12,12,12,98.95918367,47.92,99,47.78,99,47.17,0,0,98.91836735,47.83,0,0,98.79591837,47.67,0.825265099,0.089442139,0.007376671,0,0.022591056,0,0.017980636,0.108379888,0.008938547,0,0.027374302,0,0.021787709,0.082474227,0,0.25257732,0,0.201030928,0,3.0625,0,2.4375,,,,0,0.795918367,,52,106,3,1,5,0,,0,0,0,0,0,0
37,hibernate-orm,1-HibernateORM,org.hibernate.cfg.AbstractPropertyHolder.getOverriddenColumn(java.lang.String),1,3,2,4,1,0.5,0.136095112,0,1,0.5,0.136095112,0,1,0.5,0.136095112,0,0.772827685,0.972222222,4.542857143,8,2.388888889,7,4.953488372,15,100,9.555555556,37,0.902948627,0.856348839,0.966091783,0.166666667,0,0.083333333,0.333333333,0.166666667,9.75,0.166666667,0.25,0.333333333,27.75,0,2,0,0,0.833333333,0.583333333,2.666666667,24,3,1,91,6,0,235,20,4.901690841,299.5579126,49,12,12,49,12,12,12,10,34,1,12,1,1,12,12,12,98.95918367,47.92,99,47.78,99,47.17,0,0,98.91836735,47.83,0,0,98.79591837,47.67,0.825265099,0.089442139,0.007376671,0,0.022591056,0,0.017980636,0.108379888,0.008938547,0,0.027374302,0,0.021787709,0.082474227,0,0.25257732,0,0.201030928,0,3.0625,0,2.4375,,,,0,0.795918367,,52,106,3,1,5,0,,0,0,0,0,0,0
25,hibernate-orm,1-HibernateORM,org.hibernate.cfg.AbstractPropertyHolder.getOverriddenColumn(java.lang.String),1,3,2,4,1,0.5,0.136095112,0,1,0.5,0.136095112,0,1,0.5,0.136095112,0,0.772827685,0.972222222,4.542857143,8,2.388888889,7,4.953488372,15,100,9.555555556,37,0.902948627,0.856348839,0.966091783,0.166666667,0,0.083333333,0.333333333,0.166666667,9.75,0.166666667,0.25,0.333333333,27.75,0,2,0,0,0.833333333,0.583333333,2.666666667,24,3,1,91,6,0,235,20,4.901690841,299.5579126,49,12,12,49,12,12,12,10,34,1,12,1,1,12,12,12,98.95918367,47.92,99,47.78,99,47.17,0,0,98.91836735,47.83,0,0,98.79591837,47.67,0.825265099,0.089442139,0.007376671,0,0.022591056,0,0.017980636,0.108379888,0.008938547,0,0.027374302,0,0.021787709,0.082474227,0,0.25257732,0,0.201030928,0,3.0625,0,2.4375,,,,0,0.795918367,,52,106,3,1,5,0,,0,0,0,0,0,0
39,hibernate-orm,1-HibernateORM,org.hibernate.cfg.AbstractPropertyHolder.getOverriddenColumn(java.lang.String),1,4,2,4,1,0.5,0.136095112,0,1,0.5,0.136095112,0,1,0.5,0.136095112,0,0.772827685,0.972222222,4.542857143,8,2.388888889,7,4.953488372,15,100,9.555555556,37,0.902948627,0.856348839,0.966091783,0.166666667,0,0.083333333,0.333333333,0.166666667,9.75,0.166666667,0.25,0.333333333,27.75,0,2,0,0,0.833333333,0.583333333,2.666666667,24,3,1,91,6,0,235,20,4.901690841,299.5579126,49,12,12,49,12,12,12,10,34,1,12,1,1,12,12,12,98.95918367,47.92,99,47.78,99,47.17,0,0,98.91836735,47.83,0,0,98.79591837,47.67,0.825265099,0.089442139,0.007376671,0,0.022591056,0,0.017980636,0.108379888,0.008938547,0,0.027374302,0,0.021787709,0.082474227,0,0.25257732,0,0.201030928,0,3.0625,0,2.4375,,,,0,0.795918367,,52,106,3,1,5,1,106,1,0.263916176,0,0,1,1
51,hibernate-orm,1-HibernateORM,org.hibernate.cfg.AbstractPropertyHolder.getOverriddenColumn(java.lang.String),1,4,4,4,1,0.5,0.136095112,0,1,0.5,0.136095112,0,1,0.5,0.136095112,0,0.772827685,0.972222222,4.542857143,8,2.388888889,7,4.953488372,15,100,9.555555556,37,0.902948627,0.856348839,0.966091783,0.166666667,0,0.083333333,0.333333333,0.166666667,9.75,0.166666667,0.25,0.333333333,27.75,0,2,0,0,0.833333333,0.583333333,2.666666667,24,3,1,91,6,0,235,20,4.901690841,299.5579126,49,12,12,49,12,12,12,10,34,1,12,1,1,12,12,12,98.95918367,47.92,99,47.78,99,47.17,0,0,98.91836735,47.83,0,0,98.79591837,47.67,0.825265099,0.089442139,0.007376671,0,0.022591056,0,0.017980636,0.108379888,0.008938547,0,0.027374302,0,0.021787709,0.082474227,0,0.25257732,0,0.201030928,0,3.0625,0,2.4375,,,,0,0.795918367,,52,106,3,1,5,0,,0,0,0,0,0,0
61,hibernate-orm,1-HibernateORM,org.hibernate.cfg.AbstractPropertyHolder.getOverriddenColumn(java.lang.String),4,5,2,4,1,0.5,0.136095112,0,1,0.5,0.136095112,0,1,0.5,0.136095112,0,0.772827685,0.972222222,4.542857143,8,2.388888889,7,4.953488372,15,100,9.555555556,37,0.902948627,0.856348839,0.966091783,0.166666667,0,0.083333333,0.333333333,0.166666667,9.75,0.166666667,0.25,0.333333333,27.75,0,2,0,0,0.833333333,0.583333333,2.666666667,24,3,1,91,6,0,235,20,4.901690841,299.5579126,49,12,12,49,12,12,12,10,34,1,12,1,1,12,12,12,98.95918367,47.92,99,47.78,99,47.17,0,0,98.91836735,47.83,0,0,98.79591837,47.67,0.825265099,0.089442139,0.007376671,0,0.022591056,0,0.017980636,0.108379888,0.008938547,0,0.027374302,0,0.021787709,0.082474227,0,0.25257732,0,0.201030928,0,3.0625,0,2.4375,,,,0,0.795918367,,52,106,3,1,5,0,,0,0,0,0,0,0
77,hibernate-orm,1-HibernateORM,org.hibernate.cfg.AbstractPropertyHolder.getOverriddenColumn(java.lang.String),1,3,3,4,1,0.5,0.136095112,0,1,0.5,0.136095112,0,1,0.5,0.136095112,0,0.772827685,0.972222222,4.542857143,8,2.388888889,7,4.953488372,15,100,9.555555556,37,0.902948627,0.856348839,0.966091783,0.166666667,0,0.083333333,0.333333333,0.166666667,9.75,0.166666667,0.25,0.333333333,27.75,0,2,0,0,0.833333333,0.583333333,2.666666667,24,3,1,91,6,0,235,20,4.901690841,299.5579126,49,12,12,49,12,12,12,10,34,1,12,1,1,12,12,12,98.95918367,47.92,99,47.78,99,47.17,0,0,98.91836735,47.83,0,0,98.79591837,47.67,0.825265099,0.089442139,0.007376671,0,0.022591056,0,0.017980636,0.108379888,0.008938547,0,0.027374302,0,0.021787709,0.082474227,0,0.25257732,0,0.201030928,0,3.0625,0,2.4375,,,,0,0.795918367,,52,106,3,1,5,1,3,2,0.662737394,1,0,0,1
9,hibernate-orm,2-HibernateORM,org.hibernate.dialect.TimesTenDialect.TimesTenDialect(),4,6,4,2,0.666666667,0,0.005021415,0.004173861,0.88697318,0.597434483,0.005021415,0.004173861,1,1,0.005021415,0.004173861,0.504893064,0.776785714,5.825842697,10,0.200892857,1,6.121338912,34,100,8.348214286,45,0,1,0,0,0.027027027,1.090909091,0.085714286,0,10.13740458,0,0,0.375,55.4375,0,4.09375,0.09375,0,1.484848485,0.78125,3.875,22,0,1,102,7,7,152,38,5.294405323,1839.406032,37,1,32,36,1,1,1,33,37,1,1,33,1,1,33,33,104,35.96190476,104,35.95238095,103.9459459,35.93333333,0,0,103.8378378,35.92380952,0,0,103.8918919,35.86666667,0.089197225,0.547076313,0.020317146,0,0.164023786,0,0.086719524,6.133333333,0.227777778,0,1.838888889,0,0.972222222,0.037137681,0,0.299818841,0,0.158514493,0,8.073170732,0,4.268292683,,,,0,0.528700906,,312,818,1,0,29,1,6,3,0.988212181,1,1,0,0
16,hibernate-orm,2-HibernateORM,org.hibernate.dialect.TimesTenDialect.TimesTenDialect(),2,4,3,2,0.666666667,0,0.005021415,0.004173861,0.88697318,0.597434483,0.005021415,0.004173861,1,1,0.005021415,0.004173861,0.504893064,0.776785714,5.825842697,10,0.200892857,1,6.121338912,34,100,8.348214286,45,0,1,0,0,0.027027027,1.090909091,0.085714286,0,10.13740458,0,0,0.375,55.4375,0,4.09375,0.09375,0,1.484848485,0.78125,3.875,22,0,1,102,7,7,152,38,5.294405323,1839.406032,37,1,32,36,1,1,1,33,37,1,1,33,1,1,33,33,104,35.96190476,104,35.95238095,103.9459459,35.93333333,0,0,103.8378378,35.92380952,0,0,103.8918919,35.86666667,0.089197225,0.547076313,0.020317146,0,0.164023786,0,0.086719524,6.133333333,0.227777778,0,1.838888889,0,0.972222222,0.037137681,0,0.299818841,0,0.158514493,0,8.073170732,0,4.268292683,,,,0,0.528700906,,312,818,1,0,29,1,635,3,0,1,1,0,0
30,hibernate-orm,2-HibernateORM,org.hibernate.dialect.TimesTenDialect.TimesTenDialect(),1,3,1,2,0.666666667,0,0.005021415,0.004173861,0.88697318,0.597434483,0.005021415,0.004173861,1,1,0.005021415,0.004173861,0.504893064,0.776785714,5.825842697,10,0.200892857,1,6.121338912,34,100,8.348214286,45,0,1,0,0,0.027027027,1.090909091,0.085714286,0,10.13740458,0,0,0.375,55.4375,0,4.09375,0.09375,0,1.484848485,0.78125,3.875,22,0,1,102,7,7,152,38,5.294405323,1839.406032,37,1,32,36,1,1,1,33,37,1,1,33,1,1,33,33,104,35.96190476,104,35.95238095,103.9459459,35.93333333,0,0,103.8378378,35.92380952,0,0,103.8918919,35.86666667,0.089197225,0.547076313,0.020317146,0,0.164023786,0,0.086719524,6.133333333,0.227777778,0,1.838888889,0,0.972222222,0.037137681,0,0.299818841,0,0.158514493,0,8.073170732,0,4.268292683,,,,0,0.528700906,,312,818,1,0,29,1,130,3,0.74459725,1,1,0,0
38,hibernate-orm,2-HibernateORM,org.hibernate.dialect.TimesTenDialect.TimesTenDialect(),1,3,2,2,0.666666667,0,0.005021415,0.004173861,0.88697318,0.597434483,0.005021415,0.004173861,1,1,0.005021415,0.004173861,0.504893064,0.776785714,5.825842697,10,0.200892857,1,6.121338912,34,100,8.348214286,45,0,1,0,0,0.027027027,1.090909091,0.085714286,0,10.13740458,0,0,0.375,55.4375,0,4.09375,0.09375,0,1.484848485,0.78125,3.875,22,0,1,102,7,7,152,38,5.294405323,1839.406032,37,1,32,36,1,1,1,33,37,1,1,33,1,1,33,33,104,35.96190476,104,35.95238095,103.9459459,35.93333333,0,0,103.8378378,35.92380952,0,0,103.8918919,35.86666667,0.089197225,0.547076313,0.020317146,0,0.164023786,0,0.086719524,6.133333333,0.227777778,0,1.838888889,0,0.972222222,0.037137681,0,0.299818841,0,0.158514493,0,8.073170732,0,4.268292683,,,,0,0.528700906,,312,818,1,0,29,1,49,2,0.60248854,1,0,0,1
43,hibernate-orm,2-HibernateORM,org.hibernate.dialect.TimesTenDialect.TimesTenDialect(),1,3,1,2,0.666666667,0,0.005021415,0.004173861,0.88697318,0.597434483,0.005021415,0.004173861,1,1,0.005021415,0.004173861,0.504893064,0.776785714,5.825842697,10,0.200892857,1,6.121338912,34,100,8.348214286,45,0,1,0,0,0.027027027,1.090909091,0.085714286,0,10.13740458,0,0,0.375,55.4375,0,4.09375,0.09375,0,1.484848485,0.78125,3.875,22,0,1,102,7,7,152,38,5.294405323,1839.406032,37,1,32,36,1,1,1,33,37,1,1,33,1,1,33,33,104,35.96190476,104,35.95238095,103.9459459,35.93333333,0,0,103.8378378,35.92380952,0,0,103.8918919,35.86666667,0.089197225,0.547076313,0.020317146,0,0.164023786,0,0.086719524,6.133333333,0.227777778,0,1.838888889,0,0.972222222,0.037137681,0,0.299818841,0,0.158514493,0,8.073170732,0,4.268292683,,,,0,0.528700906,,312,818,1,0,29,0,,0,0,0,0,0,0
39,hibernate-orm,2-HibernateORM,org.hibernate.dialect.TimesTenDialect.TimesTenDialect(),1,4,2,2,0.666666667,0,0.005021415,0.004173861,0.88697318,0.597434483,0.005021415,0.004173861,1,1,0.005021415,0.004173861,0.504893064,0.776785714,5.825842697,10,0.200892857,1,6.121338912,34,100,8.348214286,45,0,1,0,0,0.027027027,1.090909091,0.085714286,0,10.13740458,0,0,0.375,55.4375,0,4.09375,0.09375,0,1.484848485,0.78125,3.875,22,0,1,102,7,7,152,38,5.294405323,1839.406032,37,1,32,36,1,1,1,33,37,1,1,33,1,1,33,33,104,35.96190476,104,35.95238095,103.9459459,35.93333333,0,0,103.8378378,35.92380952,0,0,103.8918919,35.86666667,0.089197225,0.547076313,0.020317146,0,0.164023786,0,0.086719524,6.133333333,0.227777778,0,1.838888889,0,0.972222222,0.037137681,0,0.299818841,0,0.158514493,0,8.073170732,0,4.268292683,,,,0,0.528700906,,312,818,1,0,29,0,,0,0,0,0,0,0
51,hibernate-orm,2-HibernateORM,org.hibernate.dialect.TimesTenDialect.TimesTenDialect(),1,4,4,2,0.666666667,0,0.005021415,0.004173861,0.88697318,0.597434483,0.005021415,0.004173861,1,1,0.005021415,0.004173861,0.504893064,0.776785714,5.825842697,10,0.200892857,1,6.121338912,34,100,8.348214286,45,0,1,0,0,0.027027027,1.090909091,0.085714286,0,10.13740458,0,0,0.375,55.4375,0,4.09375,0.09375,0,1.484848485,0.78125,3.875,22,0,1,102,7,7,152,38,5.294405323,1839.406032,37,1,32,36,1,1,1,33,37,1,1,33,1,1,33,33,104,35.96190476,104,35.95238095,103.9459459,35.93333333,0,0,103.8378378,35.92380952,0,0,103.8918919,35.86666667,0.089197225,0.547076313,0.020317146,0,0.164023786,0,0.086719524,6.133333333,0.227777778,0,1.838888889,0,0.972222222,0.037137681,0,0.299818841,0,0.158514493,0,8.073170732,0,4.268292683,,,,0,0.528700906,,312,818,1,0,29,1,26,3,0.94891945,1,1,0,0
67,hibernate-orm,2-HibernateORM,org.hibernate.dialect.TimesTenDialect.TimesTenDialect(),4,8,5,2,0.666666667,0,0.005021415,0.004173861,0.88697318,0.597434483,0.005021415,0.004173861,1,1,0.005021415,0.004173861,0.504893064,0.776785714,5.825842697,10,0.200892857,1,6.121338912,34,100,8.348214286,45,0,1,0,0,0.027027027,1.090909091,0.085714286,0,10.13740458,0,0,0.375,55.4375,0,4.09375,0.09375,0,1.484848485,0.78125,3.875,22,0,1,102,7,7,152,38,5.294405323,1839.406032,37,1,32,36,1,1,1,33,37,1,1,33,1,1,33,33,104,35.96190476,104,35.95238095,103.9459459,35.93333333,0,0,103.8378378,35.92380952,0,0,103.8918919,35.86666667,0.089197225,0.547076313,0.020317146,0,0.164023786,0,0.086719524,6.133333333,0.227777778,0,1.838888889,0,0.972222222,0.037137681,0,0.299818841,0,0.158514493,0,8.073170732,0,4.268292683,,,,0,0.528700906,,312,818,1,0,29,1,32,3,0.937131631,1,1,0,0
77,hibernate-orm,2-HibernateORM,org.hibernate.dialect.TimesTenDialect.TimesTenDialect(),1,3,3,2,0.666666667,0,0.005021415,0.004173861,0.88697318,0.597434483,0.005021415,0.004173861,1,1,0.005021415,0.004173861,0.504893064,0.776785714,5.825842697,10,0.200892857,1,6.121338912,34,100,8.348214286,45,0,1,0,0,0.027027027,1.090909091,0.085714286,0,10.13740458,0,0,0.375,55.4375,0,4.09375,0.09375,0,1.484848485,0.78125,3.875,22,0,1,102,7,7,152,38,5.294405323,1839.406032,37,1,32,36,1,1,1,33,37,1,1,33,1,1,33,33,104,35.96190476,104,35.95238095,103.9459459,35.93333333,0,0,103.8378378,35.92380952,0,0,103.8918919,35.86666667,0.089197225,0.547076313,0.020317146,0,0.164023786,0,0.086719524,6.133333333,0.227777778,0,1.838888889,0,0.972222222,0.037137681,0,0.299818841,0,0.158514493,0,8.073170732,0,4.268292683,,,,0,0.528700906,,312,818,1,0,29,1,135,3,0.734774067,1,1,0,0
9,hibernate-orm,3-HibernateORM,"org.hibernate.hql.spi.id.TableBasedUpdateHandlerImpl.execute(org.hibernate.engine.spi.SharedSessionContractImplementor,org.hibernate.engine.spi.QueryParameters)",4,6,4,6,0.217948718,0,0.115344853,0.016815234,0.511243873,0.457742593,0.393590312,0.038424419,0.9,1,0.532713041,0.049229011,0.201767042,0.826271186,5.146226415,10,0.11440678,1,3.248251748,17,100,8.080508475,45,0.437469558,0.110431526,1,0.25,0.031746032,0.316666667,0.016949153,0.1,10.07857143,0.068965517,0,0.5,33.43103448,0.068965517,2.413793103,0.086206897,0.133333333,1.066666667,0.586206897,2.724137931,38,0,3,132,13,2,224,24,4.812609729,2511.159476,63,60,59,62,60,60,60,59,62,60,60,60,60,60,60,60,136,61.83211679,135.968254,61.65693431,135.5555556,61.7810219,135.7460317,62,136,61.89051095,0,0,135.9047619,61.66423358,0.050387597,0.580964686,0.047803618,0.00129199,0.032299742,0,0.108527132,11.52991453,0.948717949,0.025641026,0.641025641,0,2.153846154,0.082283173,0.00222387,0.055596738,0,0.186805041,0.027027027,0.675675676,0,2.27027027,25,0,84,0,3.36,,92,94,4.5,2,38,1,12,3,0.976424361,1,1,0,0
16,hibernate-orm,3-HibernateORM,"org.hibernate.hql.spi.id.TableBasedUpdateHandlerImpl.execute(org.hibernate.engine.spi.SharedSessionContractImplementor,org.hibernate.engine.spi.QueryParameters)",2,4,3,6,0.217948718,0,0.115344853,0.016815234,0.511243873,0.457742593,0.393590312,0.038424419,0.9,1,0.532713041,0.049229011,0.201767042,0.826271186,5.146226415,10,0.11440678,1,3.248251748,17,100,8.080508475,45,0.437469558,0.110431526,1,0.25,0.031746032,0.316666667,0.016949153,0.1,10.07857143,0.068965517,0,0.5,33.43103448,0.068965517,2.413793103,0.086206897,0.133333333,1.066666667,0.586206897,2.724137931,38,0,3,132,13,2,224,24,4.812609729,2511.159476,63,60,59,62,60,60,60,59,62,60,60,60,60,60,60,60,136,61.83211679,135.968254,61.65693431,135.5555556,61.7810219,135.7460317,62,136,61.89051095,0,0,135.9047619,61.66423358,0.050387597,0.580964686,0.047803618,0.00129199,0.032299742,0,0.108527132,11.52991453,0.948717949,0.025641026,0.641025641,0,2.153846154,0.082283173,0.00222387,0.055596738,0,0.186805041,0.027027027,0.675675676,0,2.27027027,25,0,84,0,3.36,,92,94,4.5,2,38,1,679,2,0,1,0,0,1
30,hibernate-orm,3-HibernateORM,"org.hibernate.hql.spi.id.TableBasedUpdateHandlerImpl.execute(org.hibernate.engine.spi.SharedSessionContractImplementor,org.hibernate.engine.spi.QueryParameters)",1,3,1,6,0.217948718,0,0.115344853,0.016815234,0.511243873,0.457742593,0.393590312,0.038424419,0.9,1,0.532713041,0.049229011,0.201767042,0.826271186,5.146226415,10,0.11440678,1,3.248251748,17,100,8.080508475,45,0.437469558,0.110431526,1,0.25,0.031746032,0.316666667,0.016949153,0.1,10.07857143,0.068965517,0,0.5,33.43103448,0.068965517,2.413793103,0.086206897,0.133333333,1.066666667,0.586206897,2.724137931,38,0,3,132,13,2,224,24,4.812609729,2511.159476,63,60,59,62,60,60,60,59,62,60,60,60,60,60,60,60,136,61.83211679,135.968254,61.65693431,135.5555556,61.7810219,135.7460317,62,136,61.89051095,0,0,135.9047619,61.66423358,0.050387597,0.580964686,0.047803618,0.00129199,0.032299742,0,0.108527132,11.52991453,0.948717949,0.025641026,0.641025641,0,2.153846154,0.082283173,0.00222387,0.055596738,0,0.186805041,0.027027027,0.675675676,0,2.27027027,25,0,84,0,3.36,,92,94,4.5,2,38,1,322,3,0.367387033,1,1,0,0
38,hibernate-orm,3-HibernateORM,"org.hibernate.hql.spi.id.TableBasedUpdateHandlerImpl.execute(org.hibernate.engine.spi.SharedSessionContractImplementor,org.hibernate.engine.spi.QueryParameters)",1,3,2,6,0.217948718,0,0.115344853,0.016815234,0.511243873,0.457742593,0.393590312,0.038424419,0.9,1,0.532713041,0.049229011,0.201767042,0.826271186,5.146226415,10,0.11440678,1,3.248251748,17,100,8.080508475,45,0.437469558,0.110431526,1,0.25,0.031746032,0.316666667,0.016949153,0.1,10.07857143,0.068965517,0,0.5,33.43103448,0.068965517,2.413793103,0.086206897,0.133333333,1.066666667,0.586206897,2.724137931,38,0,3,132,13,2,224,24,4.812609729,2511.159476,63,60,59,62,60,60,60,59,62,60,60,60,60,60,60,60,136,61.83211679,135.968254,61.65693431,135.5555556,61.7810219,135.7460317,62,136,61.89051095,0,0,135.9047619,61.66423358,0.050387597,0.580964686,0.047803618,0.00129199,0.032299742,0,0.108527132,11.52991453,0.948717949,0.025641026,0.641025641,0,2.153846154,0.082283173,0.00222387,0.055596738,0,0.186805041,0.027027027,0.675675676,0,2.27027027,25,0,84,0,3.36,,92,94,4.5,2,38,0,,0,0,0,0,0,0
25,hibernate-orm,3-HibernateORM,"org.hibernate.hql.spi.id.TableBasedUpdateHandlerImpl.execute(org.hibernate.engine.spi.SharedSessionContractImplementor,org.hibernate.engine.spi.QueryParameters)",1,3,2,6,0.217948718,0,0.115344853,0.016815234,0.511243873,0.457742593,0.393590312,0.038424419,0.9,1,0.532713041,0.049229011,0.201767042,0.826271186,5.146226415,10,0.11440678,1,3.248251748,17,100,8.080508475,45,0.437469558,0.110431526,1,0.25,0.031746032,0.316666667,0.016949153,0.1,10.07857143,0.068965517,0,0.5,33.43103448,0.068965517,2.413793103,0.086206897,0.133333333,1.066666667,0.586206897,2.724137931,38,0,3,132,13,2,224,24,4.812609729,2511.159476,63,60,59,62,60,60,60,59,62,60,60,60,60,60,60,60,136,61.83211679,135.968254,61.65693431,135.5555556,61.7810219,135.7460317,62,136,61.89051095,0,0,135.9047619,61.66423358,0.050387597,0.580964686,0.047803618,0.00129199,0.032299742,0,0.108527132,11.52991453,0.948717949,0.025641026,0.641025641,0,2.153846154,0.082283173,0.00222387,0.055596738,0,0.186805041,0.027027027,0.675675676,0,2.27027027,25,0,84,0,3.36,,92,94,4.5,2,38,0,,0,0,0,0,0,0
39,hibernate-orm,3-HibernateORM,"org.hibernate.hql.spi.id.TableBasedUpdateHandlerImpl.execute(org.hibernate.engine.spi.SharedSessionContractImplementor,org.hibernate.engine.spi.QueryParameters)",1,4,2,6,0.217948718,0,0.115344853,0.016815234,0.511243873,0.457742593,0.393590312,0.038424419,0.9,1,0.532713041,0.049229011,0.201767042,0.826271186,5.146226415,10,0.11440678,1,3.248251748,17,100,8.080508475,45,0.437469558,0.110431526,1,0.25,0.031746032,0.316666667,0.016949153,0.1,10.07857143,0.068965517,0,0.5,33.43103448,0.068965517,2.413793103,0.086206897,0.133333333,1.066666667,0.586206897,2.724137931,38,0,3,132,13,2,224,24,4.812609729,2511.159476,63,60,59,62,60,60,60,59,62,60,60,60,60,60,60,60,136,61.83211679,135.968254,61.65693431,135.5555556,61.7810219,135.7460317,62,136,61.89051095,0,0,135.9047619,61.66423358,0.050387597,0.580964686,0.047803618,0.00129199,0.032299742,0,0.108527132,11.52991453,0.948717949,0.025641026,0.641025641,0,2.153846154,0.082283173,0.00222387,0.055596738,0,0.186805041,0.027027027,0.675675676,0,2.27027027,25,0,84,0,3.36,,92,94,4.5,2,38,0,,0,0,0,0,0,0
51,hibernate-orm,3-HibernateORM,"org.hibernate.hql.spi.id.TableBasedUpdateHandlerImpl.execute(org.hibernate.engine.spi.SharedSessionContractImplementor,org.hibernate.engine.spi.QueryParameters)",1,4,4,6,0.217948718,0,0.115344853,0.016815234,0.511243873,0.457742593,0.393590312,0.038424419,0.9,1,0.532713041,0.049229011,0.201767042,0.826271186,5.146226415,10,0.11440678,1,3.248251748,17,100,8.080508475,45,0.437469558,0.110431526,1,0.25,0.031746032,0.316666667,0.016949153,0.1,10.07857143,0.068965517,0,0.5,33.43103448,0.068965517,2.413793103,0.086206897,0.133333333,1.066666667,0.586206897,2.724137931,38,0,3,132,13,2,224,24,4.812609729,2511.159476,63,60,59,62,60,60,60,59,62,60,60,60,60,60,60,60,136,61.83211679,135.968254,61.65693431,135.5555556,61.7810219,135.7460317,62,136,61.89051095,0,0,135.9047619,61.66423358,0.050387597,0.580964686,0.047803618,0.00129199,0.032299742,0,0.108527132,11.52991453,0.948717949,0.025641026,0.641025641,0,2.153846154,0.082283173,0.00222387,0.055596738,0,0.186805041,0.027027027,0.675675676,0,2.27027027,25,0,84,0,3.36,,92,94,4.5,2,38,1,68,2,0.577603143,1,0,0,1
65,hibernate-orm,3-HibernateORM,"org.hibernate.hql.spi.id.TableBasedUpdateHandlerImpl.execute(org.hibernate.engine.spi.SharedSessionContractImplementor,org.hibernate.engine.spi.QueryParameters)",1,3,2,6,0.217948718,0,0.115344853,0.016815234,0.511243873,0.457742593,0.393590312,0.038424419,0.9,1,0.532713041,0.049229011,0.201767042,0.826271186,5.146226415,10,0.11440678,1,3.248251748,17,100,8.080508475,45,0.437469558,0.110431526,1,0.25,0.031746032,0.316666667,0.016949153,0.1,10.07857143,0.068965517,0,0.5,33.43103448,0.068965517,2.413793103,0.086206897,0.133333333,1.066666667,0.586206897,2.724137931,38,0,3,132,13,2,224,24,4.812609729,2511.159476,63,60,59,62,60,60,60,59,62,60,60,60,60,60,60,60,136,61.83211679,135.968254,61.65693431,135.5555556,61.7810219,135.7460317,62,136,61.89051095,0,0,135.9047619,61.66423358,0.050387597,0.580964686,0.047803618,0.00129199,0.032299742,0,0.108527132,11.52991453,0.948717949,0.025641026,0.641025641,0,2.153846154,0.082283173,0.00222387,0.055596738,0,0.186805041,0.027027027,0.675675676,0,2.27027027,25,0,84,0,3.36,,92,94,4.5,2,38,0,,0,0,0,0,0,0
77,hibernate-orm,3-HibernateORM,"org.hibernate.hql.spi.id.TableBasedUpdateHandlerImpl.execute(org.hibernate.engine.spi.SharedSessionContractImplementor,org.hibernate.engine.spi.QueryParameters)",1,3,3,6,0.217948718,0,0.115344853,0.016815234,0.511243873,0.457742593,0.393590312,0.038424419,0.9,1,0.532713041,0.049229011,0.201767042,0.826271186,5.146226415,10,0.11440678,1,3.248251748,17,100,8.080508475,45,0.437469558,0.110431526,1,0.25,0.031746032,0.316666667,0.016949153,0.1,10.07857143,0.068965517,0,0.5,33.43103448,0.068965517,2.413793103,0.086206897,0.133333333,1.066666667,0.586206897,2.724137931,38,0,3,132,13,2,224,24,4.812609729,2511.159476,63,60,59,62,60,60,60,59,62,60,60,60,60,60,60,60,136,61.83211679,135.968254,61.65693431,135.5555556,61.7810219,135.7460317,62,136,61.89051095,0,0,135.9047619,61.66423358,0.050387597,0.580964686,0.047803618,0.00129199,0.032299742,0,0.108527132,11.52991453,0.948717949,0.025641026,0.641025641,0,2.153846154,0.082283173,0.00222387,0.055596738,0,0.186805041,0.027027027,0.675675676,0,2.27027027,25,0,84,0,3.36,,92,94,4.5,2,38,0,,0,0,0,0,0,0
9,hibernate-orm,4-HibernateORM,org.hibernate.id.SequenceValueExtractor.extractSequenceValue(org.hibernate.engine.spi.SessionImplementor),4,6,4,4,0.238095238,0,0.115344853,0.016815234,0.47327381,0.5814,0.277174716,0.030481282,0.75,1,0.532713041,0.049229011,0.322193861,0.827956989,4.215189873,10,0,0,1.758333333,8,0,12.05376344,45,0.432031389,0.190692518,0.872278376,0.2,0.066666667,0,0.034482759,0,9.379310345,0.035714286,0,0.642857143,28.17857143,0,2.071428571,0.035714286,0.066666667,0.9,0.5,2.035714286,20,0,3,93,7,1,79,8,4.801703655,986.4507295,30,30,1,30,1,30,30,30,30,1,30,30,30,30,30,30,0,0,97.93333333,28.82828283,97.96666667,28.70707071,0,0,0,0,0,0,97.96666667,28.77777778,0,0.608258929,0.107142857,0,0,0,0.1015625,,,,,,,0.176146789,0,0,0,0.166972477,0,0,0,0.947916667,,,,,,,21,22,3,1,17,1,5,2,0.660117878,1,0,0,1
16,hibernate-orm,4-HibernateORM,org.hibernate.id.SequenceValueExtractor.extractSequenceValue(org.hibernate.engine.spi.SessionImplementor),2,4,3,4,0.238095238,0,0.115344853,0.016815234,0.47327381,0.5814,0.277174716,0.030481282,0.75,1,0.532713041,0.049229011,0.322193861,0.827956989,4.215189873,10,0,0,1.758333333,8,0,12.05376344,45,0.432031389,0.190692518,0.872278376,0.2,0.066666667,0,0.034482759,0,9.379310345,0.035714286,0,0.642857143,28.17857143,0,2.071428571,0.035714286,0.066666667,0.9,0.5,2.035714286,20,0,3,93,7,1,79,8,4.801703655,986.4507295,30,30,1,30,1,30,30,30,30,1,30,30,30,30,30,30,0,0,97.93333333,28.82828283,97.96666667,28.70707071,0,0,0,0,0,0,97.96666667,28.77777778,0,0.608258929,0.107142857,0,0,0,0.1015625,,,,,,,0.176146789,0,0,0,0.166972477,0,0,0,0.947916667,,,,,,,21,22,3,1,17,0,,0,0,0,0,0,0
32,hibernate-orm,4-HibernateORM,org.hibernate.id.SequenceValueExtractor.extractSequenceValue(org.hibernate.engine.spi.SessionImplementor),1,6,1,4,0.238095238,0,0.115344853,0.016815234,0.47327381,0.5814,0.277174716,0.030481282,0.75,1,0.532713041,0.049229011,0.322193861,0.827956989,4.215189873,10,0,0,1.758333333,8,0,12.05376344,45,0.432031389,0.190692518,0.872278376,0.2,0.066666667,0,0.034482759,0,9.379310345,0.035714286,0,0.642857143,28.17857143,0,2.071428571,0.035714286,0.066666667,0.9,0.5,2.035714286,20,0,3,93,7,1,79,8,4.801703655,986.4507295,30,30,1,30,1,30,30,30,30,1,30,30,30,30,30,30,0,0,97.93333333,28.82828283,97.96666667,28.70707071,0,0,0,0,0,0,97.96666667,28.77777778,0,0.608258929,0.107142857,0,0,0,0.1015625,,,,,,,0.176146789,0,0,0,0.166972477,0,0,0,0.947916667,,,,,,,21,22,3,1,17,0,,0,0,0,0,0,0
38,hibernate-orm,4-HibernateORM,org.hibernate.id.SequenceValueExtractor.extractSequenceValue(org.hibernate.engine.spi.SessionImplementor),1,3,2,4,0.238095238,0,0.115344853,0.016815234,0.47327381,0.5814,0.277174716,0.030481282,0.75,1,0.532713041,0.049229011,0.322193861,0.827956989,4.215189873,10,0,0,1.758333333,8,0,12.05376344,45,0.432031389,0.190692518,0.872278376,0.2,0.066666667,0,0.034482759,0,9.379310345,0.035714286,0,0.642857143,28.17857143,0,2.071428571,0.035714286,0.066666667,0.9,0.5,2.035714286,20,0,3,93,7,1,79,8,4.801703655,986.4507295,30,30,1,30,1,30,30,30,30,1,30,30,30,30,30,30,0,0,97.93333333,28.82828283,97.96666667,28.70707071,0,0,0,0,0,0,97.96666667,28.77777778,0,0.608258929,0.107142857,0,0,0,0.1015625,,,,,,,0.176146789,0,0,0,0.166972477,0,0,0,0.947916667,,,,,,,21,22,3,1,17,1,31,1,0.313032089,0,0,1,1
43,hibernate-orm,4-HibernateORM,org.hibernate.id.SequenceValueExtractor.extractSequenceValue(org.hibernate.engine.spi.SessionImplementor),1,3,1,4,0.238095238,0,0.115344853,0.016815234,0.47327381,0.5814,0.277174716,0.030481282,0.75,1,0.532713041,0.049229011,0.322193861,0.827956989,4.215189873,10,0,0,1.758333333,8,0,12.05376344,45,0.432031389,0.190692518,0.872278376,0.2,0.066666667,0,0.034482759,0,9.379310345,0.035714286,0,0.642857143,28.17857143,0,2.071428571,0.035714286,0.066666667,0.9,0.5,2.035714286,20,0,3,93,7,1,79,8,4.801703655,986.4507295,30,30,1,30,1,30,30,30,30,1,30,30,30,30,30,30,0,0,97.93333333,28.82828283,97.96666667,28.70707071,0,0,0,0,0,0,97.96666667,28.77777778,0,0.608258929,0.107142857,0,0,0,0.1015625,,,,,,,0.176146789,0,0,0,0.166972477,0,0,0,0.947916667,,,,,,,21,22,3,1,17,0,,0,0,0,0,0,0
39,hibernate-orm,4-HibernateORM,org.hibernate.id.SequenceValueExtractor.extractSequenceValue(org.hibernate.engine.spi.SessionImplementor),1,4,2,4,0.238095238,0,0.115344853,0.016815234,0.47327381,0.5814,0.277174716,0.030481282,0.75,1,0.532713041,0.049229011,0.322193861,0.827956989,4.215189873,10,0,0,1.758333333,8,0,12.05376344,45,0.432031389,0.190692518,0.872278376,0.2,0.066666667,0,0.034482759,0,9.379310345,0.035714286,0,0.642857143,28.17857143,0,2.071428571,0.035714286,0.066666667,0.9,0.5,2.035714286,20,0,3,93,7,1,79,8,4.801703655,986.4507295,30,30,1,30,1,30,30,30,30,1,30,30,30,30,30,30,0,0,97.93333333,28.82828283,97.96666667,28.70707071,0,0,0,0,0,0,97.96666667,28.77777778,0,0.608258929,0.107142857,0,0,0,0.1015625,,,,,,,0.176146789,0,0,0,0.166972477,0,0,0,0.947916667,,,,,,,21,22,3,1,17,1,46,3,0.909626719,1,1,0,0
51,hibernate-orm,4-HibernateORM,org.hibernate.id.SequenceValueExtractor.extractSequenceValue(org.hibernate.engine.spi.SessionImplementor),1,4,4,4,0.238095238,0,0.115344853,0.016815234,0.47327381,0.5814,0.277174716,0.030481282,0.75,1,0.532713041,0.049229011,0.322193861,0.827956989,4.215189873,10,0,0,1.758333333,8,0,12.05376344,45,0.432031389,0.190692518,0.872278376,0.2,0.066666667,0,0.034482759,0,9.379310345,0.035714286,0,0.642857143,28.17857143,0,2.071428571,0.035714286,0.066666667,0.9,0.5,2.035714286,20,0,3,93,7,1,79,8,4.801703655,986.4507295,30,30,1,30,1,30,30,30,30,1,30,30,30,30,30,30,0,0,97.93333333,28.82828283,97.96666667,28.70707071,0,0,0,0,0,0,97.96666667,28.77777778,0,0.608258929,0.107142857,0,0,0,0.1015625,,,,,,,0.176146789,0,0,0,0.166972477,0,0,0,0.947916667,,,,,,,21,22,3,1,17,0,,0,0,0,0,0,0
67,hibernate-orm,4-HibernateORM,org.hibernate.id.SequenceValueExtractor.extractSequenceValue(org.hibernate.engine.spi.SessionImplementor),4,8,5,4,0.238095238,0,0.115344853,0.016815234,0.47327381,0.5814,0.277174716,0.030481282,0.75,1,0.532713041,0.049229011,0.322193861,0.827956989,4.215189873,10,0,0,1.758333333,8,0,12.05376344,45,0.432031389,0.190692518,0.872278376,0.2,0.066666667,0,0.034482759,0,9.379310345,0.035714286,0,0.642857143,28.17857143,0,2.071428571,0.035714286,0.066666667,0.9,0.5,2.035714286,20,0,3,93,7,1,79,8,4.801703655,986.4507295,30,30,1,30,1,30,30,30,30,1,30,30,30,30,30,30,0,0,97.93333333,28.82828283,97.96666667,28.70707071,0,0,0,0,0,0,97.96666667,28.77777778,0,0.608258929,0.107142857,0,0,0,0.1015625,,,,,,,0.176146789,0,0,0,0.166972477,0,0,0,0.947916667,,,,,,,21,22,3,1,17,1,20,3,0.960707269,1,1,0,0
79,hibernate-orm,4-HibernateORM,org.hibernate.id.SequenceValueExtractor.extractSequenceValue(org.hibernate.engine.spi.SessionImplementor),4,10,10,4,0.238095238,0,0.115344853,0.016815234,0.47327381,0.5814,0.277174716,0.030481282,0.75,1,0.532713041,0.049229011,0.322193861,0.827956989,4.215189873,10,0,0,1.758333333,8,0,12.05376344,45,0.432031389,0.190692518,0.872278376,0.2,0.066666667,0,0.034482759,0,9.379310345,0.035714286,0,0.642857143,28.17857143,0,2.071428571,0.035714286,0.066666667,0.9,0.5,2.035714286,20,0,3,93,7,1,79,8,4.801703655,986.4507295,30,30,1,30,1,30,30,30,30,1,30,30,30,30,30,30,0,0,97.93333333,28.82828283,97.96666667,28.70707071,0,0,0,0,0,0,97.96666667,28.77777778,0,0.608258929,0.107142857,0,0,0,0.1015625,,,,,,,0.176146789,0,0,0,0.166972477,0,0,0,0.947916667,,,,,,,21,22,3,1,17,1,156,2,0.462344466,1,0,0,1
10,hibernate-orm,5-HibernateORM,"org.hibernate.pretty.MessageHelper.collectionInfoString(org.hibernate.persister.collection.CollectionPersister,org.hibernate.collection.spi.PersistentCollection,java.io.Serializable,org.hibernate.engine.spi.SharedSessionContractImplementor)",4,5,3,3,0.5,0,0.000443066,0.145789743,0.558333333,0.499855,0.041586669,0.145789743,0.833333333,1,0.136095112,0.145789743,0.499673694,0.81512605,5.180952381,10,1.378151261,6,3.431818182,9,100,7.798319328,37,0.444122681,0.138675049,0.956182887,0.171428571,0.063829787,0.028571429,0.255813953,0.171428571,9.452054795,0.0625,0,0.25,28.90625,0,2.28125,0,0,0.8,0.59375,2.28125,32,0,2,111,9,0,165,17,4.821928084,1115.802425,47,35,35,47,34,35,35,35,46,1,35,1,1,35,35,35,114.9787234,46,114.9787234,45.81896552,114.9148936,45.75862069,0,0,115,44.81034483,115,46,114.9361702,45.78448276,0.350541746,0.432122371,0.021032505,0,0.010197578,0.005736138,0.072020395,1.232727273,0.06,0,0.029090909,0.016363636,0.205454545,0.048672566,0,0.02359882,0.013274336,0.166666667,0,0.484848485,0.272727273,3.424242424,,,,0.5625,7.0625,12.55555556,77,102,2.666666667,4,16,1,35,1,0.310412574,0,0,1,1
9,hibernate-orm,5-HibernateORM,"org.hibernate.pretty.MessageHelper.collectionInfoString(org.hibernate.persister.collection.CollectionPersister,org.hibernate.collection.spi.PersistentCollection,java.io.Serializable,org.hibernate.engine.spi.SharedSessionContractImplementor)",4,6,4,3,0.5,0,0.000443066,0.145789743,0.558333333,0.499855,0.041586669,0.145789743,0.833333333,1,0.136095112,0.145789743,0.499673694,0.81512605,5.180952381,10,1.378151261,6,3.431818182,9,100,7.798319328,37,0.444122681,0.138675049,0.956182887,0.171428571,0.063829787,0.028571429,0.255813953,0.171428571,9.452054795,0.0625,0,0.25,28.90625,0,2.28125,0,0,0.8,0.59375,2.28125,32,0,2,111,9,0,165,17,4.821928084,1115.802425,47,35,35,47,34,35,35,35,46,1,35,1,1,35,35,35,114.9787234,46,114.9787234,45.81896552,114.9148936,45.75862069,0,0,115,44.81034483,115,46,114.9361702,45.78448276,0.350541746,0.432122371,0.021032505,0,0.010197578,0.005736138,0.072020395,1.232727273,0.06,0,0.029090909,0.016363636,0.205454545,0.048672566,0,0.02359882,0.013274336,0.166666667,0,0.484848485,0.272727273,3.424242424,,,,0.5625,7.0625,12.55555556,77,102,2.666666667,4,16,1,11,2,0.652259332,1,0,0,1
30,hibernate-orm,5-HibernateORM,"org.hibernate.pretty.MessageHelper.collectionInfoString(org.hibernate.persister.collection.CollectionPersister,org.hibernate.collection.spi.PersistentCollection,java.io.Serializable,org.hibernate.engine.spi.SharedSessionContractImplementor)",1,3,1,3,0.5,0,0.000443066,0.145789743,0.558333333,0.499855,0.041586669,0.145789743,0.833333333,1,0.136095112,0.145789743,0.499673694,0.81512605,5.180952381,10,1.378151261,6,3.431818182,9,100,7.798319328,37,0.444122681,0.138675049,0.956182887,0.171428571,0.063829787,0.028571429,0.255813953,0.171428571,9.452054795,0.0625,0,0.25,28.90625,0,2.28125,0,0,0.8,0.59375,2.28125,32,0,2,111,9,0,165,17,4.821928084,1115.802425,47,35,35,47,34,35,35,35,46,1,35,1,1,35,35,35,114.9787234,46,114.9787234,45.81896552,114.9148936,45.75862069,0,0,115,44.81034483,115,46,114.9361702,45.78448276,0.350541746,0.432122371,0.021032505,0,0.010197578,0.005736138,0.072020395,1.232727273,0.06,0,0.029090909,0.016363636,0.205454545,0.048672566,0,0.02359882,0.013274336,0.166666667,0,0.484848485,0.272727273,3.424242424,,,,0.5625,7.0625,12.55555556,77,102,2.666666667,4,16,0,,0,0,0,0,0,0
38,hibernate-orm,5-HibernateORM,"org.hibernate.pretty.MessageHelper.collectionInfoString(org.hibernate.persister.collection.CollectionPersister,org.hibernate.collection.spi.PersistentCollection,java.io.Serializable,org.hibernate.engine.spi.SharedSessionContractImplementor)",1,3,2,3,0.5,0,0.000443066,0.145789743,0.558333333,0.499855,0.041586669,0.145789743,0.833333333,1,0.136095112,0.145789743,0.499673694,0.81512605,5.180952381,10,1.378151261,6,3.431818182,9,100,7.798319328,37,0.444122681,0.138675049,0.956182887,0.171428571,0.063829787,0.028571429,0.255813953,0.171428571,9.452054795,0.0625,0,0.25,28.90625,0,2.28125,0,0,0.8,0.59375,2.28125,32,0,2,111,9,0,165,17,4.821928084,1115.802425,47,35,35,47,34,35,35,35,46,1,35,1,1,35,35,35,114.9787234,46,114.9787234,45.81896552,114.9148936,45.75862069,0,0,115,44.81034483,115,46,114.9361702,45.78448276,0.350541746,0.432122371,0.021032505,0,0.010197578,0.005736138,0.072020395,1.232727273,0.06,0,0.029090909,0.016363636,0.205454545,0.048672566,0,0.02359882,0.013274336,0.166666667,0,0.484848485,0.272727273,3.424242424,,,,0.5625,7.0625,12.55555556,77,102,2.666666667,4,16,0,,0,0,0,0,0,0
25,hibernate-orm,5-HibernateORM,"org.hibernate.pretty.MessageHelper.collectionInfoString(org.hibernate.persister.collection.CollectionPersister,org.hibernate.collection.spi.PersistentCollection,java.io.Serializable,org.hibernate.engine.spi.SharedSessionContractImplementor)",1,3,2,3,0.5,0,0.000443066,0.145789743,0.558333333,0.499855,0.041586669,0.145789743,0.833333333,1,0.136095112,0.145789743,0.499673694,0.81512605,5.180952381,10,1.378151261,6,3.431818182,9,100,7.798319328,37,0.444122681,0.138675049,0.956182887,0.171428571,0.063829787,0.028571429,0.255813953,0.171428571,9.452054795,0.0625,0,0.25,28.90625,0,2.28125,0,0,0.8,0.59375,2.28125,32,0,2,111,9,0,165,17,4.821928084,1115.802425,47,35,35,47,34,35,35,35,46,1,35,1,1,35,35,35,114.9787234,46,114.9787234,45.81896552,114.9148936,45.75862069,0,0,115,44.81034483,115,46,114.9361702,45.78448276,0.350541746,0.432122371,0.021032505,0,0.010197578,0.005736138,0.072020395,1.232727273,0.06,0,0.029090909,0.016363636,0.205454545,0.048672566,0,0.02359882,0.013274336,0.166666667,0,0.484848485,0.272727273,3.424242424,,,,0.5625,7.0625,12.55555556,77,102,2.666666667,4,16,1,317,1,0.125736739,0,0,1,1
39,hibernate-orm,5-HibernateORM,"org.hibernate.pretty.MessageHelper.collectionInfoString(org.hibernate.persister.collection.CollectionPersister,org.hibernate.collection.spi.PersistentCollection,java.io.Serializable,org.hibernate.engine.spi.SharedSessionContractImplementor)",1,4,2,3,0.5,0,0.000443066,0.145789743,0.558333333,0.499855,0.041586669,0.145789743,0.833333333,1,0.136095112,0.145789743,0.499673694,0.81512605,5.180952381,10,1.378151261,6,3.431818182,9,100,7.798319328,37,0.444122681,0.138675049,0.956182887,0.171428571,0.063829787,0.028571429,0.255813953,0.171428571,9.452054795,0.0625,0,0.25,28.90625,0,2.28125,0,0,0.8,0.59375,2.28125,32,0,2,111,9,0,165,17,4.821928084,1115.802425,47,35,35,47,34,35,35,35,46,1,35,1,1,35,35,35,114.9787234,46,114.9787234,45.81896552,114.9148936,45.75862069,0,0,115,44.81034483,115,46,114.9361702,45.78448276,0.350541746,0.432122371,0.021032505,0,0.010197578,0.005736138,0.072020395,1.232727273,0.06,0,0.029090909,0.016363636,0.205454545,0.048672566,0,0.02359882,0.013274336,0.166666667,0,0.484848485,0.272727273,3.424242424,,,,0.5625,7.0625,12.55555556,77,102,2.666666667,4,16,1,239,1,0.176817289,0,0,1,1
51,hibernate-orm,5-HibernateORM,"org.hibernate.pretty.MessageHelper.collectionInfoString(org.hibernate.persister.collection.CollectionPersister,org.hibernate.collection.spi.PersistentCollection,java.io.Serializable,org.hibernate.engine.spi.SharedSessionContractImplementor)",1,4,4,3,0.5,0,0.000443066,0.145789743,0.558333333,0.499855,0.041586669,0.145789743,0.833333333,1,0.136095112,0.145789743,0.499673694,0.81512605,5.180952381,10,1.378151261,6,3.431818182,9,100,7.798319328,37,0.444122681,0.138675049,0.956182887,0.171428571,0.063829787,0.028571429,0.255813953,0.171428571,9.452054795,0.0625,0,0.25,28.90625,0,2.28125,0,0,0.8,0.59375,2.28125,32,0,2,111,9,0,165,17,4.821928084,1115.802425,47,35,35,47,34,35,35,35,46,1,35,1,1,35,35,35,114.9787234,46,114.9787234,45.81896552,114.9148936,45.75862069,0,0,115,44.81034483,115,46,114.9361702,45.78448276,0.350541746,0.432122371,0.021032505,0,0.010197578,0.005736138,0.072020395,1.232727273,0.06,0,0.029090909,0.016363636,0.205454545,0.048672566,0,0.02359882,0.013274336,0.166666667,0,0.484848485,0.272727273,3.424242424,,,,0.5625,7.0625,12.55555556,77,102,2.666666667,4,16,1,171,1,0.22134905,0,0,1,1
66,hibernate-orm,5-HibernateORM,"org.hibernate.pretty.MessageHelper.collectionInfoString(org.hibernate.persister.collection.CollectionPersister,org.hibernate.collection.spi.PersistentCollection,java.io.Serializable,org.hibernate.engine.spi.SharedSessionContractImplementor)",1,3,3,3,0.5,0,0.000443066,0.145789743,0.558333333,0.499855,0.041586669,0.145789743,0.833333333,1,0.136095112,0.145789743,0.499673694,0.81512605,5.180952381,10,1.378151261,6,3.431818182,9,100,7.798319328,37,0.444122681,0.138675049,0.956182887,0.171428571,0.063829787,0.028571429,0.255813953,0.171428571,9.452054795,0.0625,0,0.25,28.90625,0,2.28125,0,0,0.8,0.59375,2.28125,32,0,2,111,9,0,165,17,4.821928084,1115.802425,47,35,35,47,34,35,35,35,46,1,35,1,1,35,35,35,114.9787234,46,114.9787234,45.81896552,114.9148936,45.75862069,0,0,115,44.81034483,115,46,114.9361702,45.78448276,0.350541746,0.432122371,0.021032505,0,0.010197578,0.005736138,0.072020395,1.232727273,0.06,0,0.029090909,0.016363636,0.205454545,0.048672566,0,0.02359882,0.013274336,0.166666667,0,0.484848485,0.272727273,3.424242424,,,,0.5625,7.0625,12.55555556,77,102,2.666666667,4,16,0,,0,0,0,0,0,0
77,hibernate-orm,5-HibernateORM,"org.hibernate.pretty.MessageHelper.collectionInfoString(org.hibernate.persister.collection.CollectionPersister,org.hibernate.collection.spi.PersistentCollection,java.io.Serializable,org.hibernate.engine.spi.SharedSessionContractImplementor)",1,3,3,3,0.5,0,0.000443066,0.145789743,0.558333333,0.499855,0.041586669,0.145789743,0.833333333,1,0.136095112,0.145789743,0.499673694,0.81512605,5.180952381,10,1.378151261,6,3.431818182,9,100,7.798319328,37,0.444122681,0.138675049,0.956182887,0.171428571,0.063829787,0.028571429,0.255813953,0.171428571,9.452054795,0.0625,0,0.25,28.90625,0,2.28125,0,0,0.8,0.59375,2.28125,32,0,2,111,9,0,165,17,4.821928084,1115.802425,47,35,35,47,34,35,35,35,46,1,35,1,1,35,35,35,114.9787234,46,114.9787234,45.81896552,114.9148936,45.75862069,0,0,115,44.81034483,115,46,114.9361702,45.78448276,0.350541746,0.432122371,0.021032505,0,0.010197578,0.005736138,0.072020395,1.232727273,0.06,0,0.029090909,0.016363636,0.205454545,0.048672566,0,0.02359882,0.013274336,0.166666667,0,0.484848485,0.272727273,3.424242424,,,,0.5625,7.0625,12.55555556,77,102,2.666666667,4,16,1,184,1,0.212835625,0,0,1,1
12,opencms-core,1-OpenCMSCore,org.opencms.ade.sitemap.client.hoverbar.CmsHoverbarContextMenuButton.createContextMenu(org.opencms.ade.sitemap.client.hoverbar.CmsSitemapHoverbar),4,10,2,2,0.694444444,1,94,0.043560084,0.694444444,1,1014,0.559009903,0.694444444,1,1756,1,0.188220963,0.821292776,5.844036697,11,0.296577947,2,7.876876877,34,20.38,5.049429658,45,0,1,0,0.023809524,0.068181818,0,0.071428571,0.095238095,10.304,0,9.948717949,0.846153846,51.41025641,0,3.205128205,0,0,1.428571429,0.692307692,10.94871795,32,20,1,87,5,0,439,36,4.575299685,1983.006382,44,42,1,44,42,1,42,40,1,1,42,1,1,42,42,42,0,42.98113208,158,42.96855346,157.9545455,42.32075472,0,0,0,0,0,0,157.4318182,42.90566038,0.07816092,0.592183908,0.048275862,0,0,0,0.085057471,7.576470588,0.617647059,0,0,0,1.088235294,0.081521739,0,0,0,0.14363354,0,0,0,1.761904762,,,,,,,101,479,1,1,27,1,60,2,0.588081205,1,0,0,1
24,opencms-core,1-OpenCMSCore,org.opencms.ade.sitemap.client.hoverbar.CmsHoverbarContextMenuButton.createContextMenu(org.opencms.ade.sitemap.client.hoverbar.CmsSitemapHoverbar),1,2,1,2,0.694444444,1,94,0.043560084,0.694444444,1,1014,0.559009903,0.694444444,1,1756,1,0.188220963,0.821292776,5.844036697,11,0.296577947,2,7.876876877,34,20.38,5.049429658,45,0,1,0,0.023809524,0.068181818,0,0.071428571,0.095238095,10.304,0,9.948717949,0.846153846,51.41025641,0,3.205128205,0,0,1.428571429,0.692307692,10.94871795,32,20,1,87,5,0,439,36,4.575299685,1983.006382,44,42,1,44,42,1,42,40,1,1,42,1,1,42,42,42,0,42.98113208,158,42.96855346,157.9545455,42.32075472,0,0,0,0,0,0,157.4318182,42.90566038,0.07816092,0.592183908,0.048275862,0,0,0,0.085057471,7.576470588,0.617647059,0,0,0,1.088235294,0.081521739,0,0,0,0.14363354,0,0,0,1.761904762,,,,,,,101,479,1,1,27,1,10,3,0.980353635,1,1,0,0
22,opencms-core,1-OpenCMSCore,org.opencms.ade.sitemap.client.hoverbar.CmsHoverbarContextMenuButton.createContextMenu(org.opencms.ade.sitemap.client.hoverbar.CmsSitemapHoverbar),1,2,1,2,0.694444444,1,94,0.043560084,0.694444444,1,1014,0.559009903,0.694444444,1,1756,1,0.188220963,0.821292776,5.844036697,11,0.296577947,2,7.876876877,34,20.38,5.049429658,45,0,1,0,0.023809524,0.068181818,0,0.071428571,0.095238095,10.304,0,9.948717949,0.846153846,51.41025641,0,3.205128205,0,0,1.428571429,0.692307692,10.94871795,32,20,1,87,5,0,439,36,4.575299685,1983.006382,44,42,1,44,42,1,42,40,1,1,42,1,1,42,42,42,0,42.98113208,158,42.96855346,157.9545455,42.32075472,0,0,0,0,0,0,157.4318182,42.90566038,0.07816092,0.592183908,0.048275862,0,0,0,0.085057471,7.576470588,0.617647059,0,0,0,1.088235294,0.081521739,0,0,0,0.14363354,0,0,0,1.761904762,,,,,,,101,479,1,1,27,1,20,3,0.960707269,1,1,0,0
14,opencms-core,1-OpenCMSCore,org.opencms.ade.sitemap.client.hoverbar.CmsHoverbarContextMenuButton.createContextMenu(org.opencms.ade.sitemap.client.hoverbar.CmsSitemapHoverbar),4,3,3,2,0.694444444,1,94,0.043560084,0.694444444,1,1014,0.559009903,0.694444444,1,1756,1,0.188220963,0.821292776,5.844036697,11,0.296577947,2,7.876876877,34,20.38,5.049429658,45,0,1,0,0.023809524,0.068181818,0,0.071428571,0.095238095,10.304,0,9.948717949,0.846153846,51.41025641,0,3.205128205,0,0,1.428571429,0.692307692,10.94871795,32,20,1,87,5,0,439,36,4.575299685,1983.006382,44,42,1,44,42,1,42,40,1,1,42,1,1,42,42,42,0,42.98113208,158,42.96855346,157.9545455,42.32075472,0,0,0,0,0,0,157.4318182,42.90566038,0.07816092,0.592183908,0.048275862,0,0,0,0.085057471,7.576470588,0.617647059,0,0,0,1.088235294,0.081521739,0,0,0,0.14363354,0,0,0,1.761904762,,,,,,,101,479,1,1,27,1,31,2,0.626064178,1,0,0,1
44,opencms-core,1-OpenCMSCore,org.opencms.ade.sitemap.client.hoverbar.CmsHoverbarContextMenuButton.createContextMenu(org.opencms.ade.sitemap.client.hoverbar.CmsSitemapHoverbar),1,2,1,2,0.694444444,1,94,0.043560084,0.694444444,1,1014,0.559009903,0.694444444,1,1756,1,0.188220963,0.821292776,5.844036697,11,0.296577947,2,7.876876877,34,20.38,5.049429658,45,0,1,0,0.023809524,0.068181818,0,0.071428571,0.095238095,10.304,0,9.948717949,0.846153846,51.41025641,0,3.205128205,0,0,1.428571429,0.692307692,10.94871795,32,20,1,87,5,0,439,36,4.575299685,1983.006382,44,42,1,44,42,1,42,40,1,1,42,1,1,42,42,42,0,42.98113208,158,42.96855346,157.9545455,42.32075472,0,0,0,0,0,0,157.4318182,42.90566038,0.07816092,0.592183908,0.048275862,0,0,0,0.085057471,7.576470588,0.617647059,0,0,0,1.088235294,0.081521739,0,0,0,0.14363354,0,0,0,1.761904762,,,,,,,101,479,1,1,27,1,30,3,0.941060904,1,1,0,0
21,opencms-core,1-OpenCMSCore,org.opencms.ade.sitemap.client.hoverbar.CmsHoverbarContextMenuButton.createContextMenu(org.opencms.ade.sitemap.client.hoverbar.CmsSitemapHoverbar),2,5,4,2,0.694444444,1,94,0.043560084,0.694444444,1,1014,0.559009903,0.694444444,1,1756,1,0.188220963,0.821292776,5.844036697,11,0.296577947,2,7.876876877,34,20.38,5.049429658,45,0,1,0,0.023809524,0.068181818,0,0.071428571,0.095238095,10.304,0,9.948717949,0.846153846,51.41025641,0,3.205128205,0,0,1.428571429,0.692307692,10.94871795,32,20,1,87,5,0,439,36,4.575299685,1983.006382,44,42,1,44,42,1,42,40,1,1,42,1,1,42,42,42,0,42.98113208,158,42.96855346,157.9545455,42.32075472,0,0,0,0,0,0,157.4318182,42.90566038,0.07816092,0.592183908,0.048275862,0,0,0,0.085057471,7.576470588,0.617647059,0,0,0,1.088235294,0.081521739,0,0,0,0.14363354,0,0,0,1.761904762,,,,,,,101,479,1,1,27,1,77,2,0.565815324,1,0,0,1
47,opencms-core,1-OpenCMSCore,org.opencms.ade.sitemap.client.hoverbar.CmsHoverbarContextMenuButton.createContextMenu(org.opencms.ade.sitemap.client.hoverbar.CmsSitemapHoverbar),1,4,3,2,0.694444444,1,94,0.043560084,0.694444444,1,1014,0.559009903,0.694444444,1,1756,1,0.188220963,0.821292776,5.844036697,11,0.296577947,2,7.876876877,34,20.38,5.049429658,45,0,1,0,0.023809524,0.068181818,0,0.071428571,0.095238095,10.304,0,9.948717949,0.846153846,51.41025641,0,3.205128205,0,0,1.428571429,0.692307692,10.94871795,32,20,1,87,5,0,439,36,4.575299685,1983.006382,44,42,1,44,42,1,42,40,1,1,42,1,1,42,42,42,0,42.98113208,158,42.96855346,157.9545455,42.32075472,0,0,0,0,0,0,157.4318182,42.90566038,0.07816092,0.592183908,0.048275862,0,0,0,0.085057471,7.576470588,0.617647059,0,0,0,1.088235294,0.081521739,0,0,0,0.14363354,0,0,0,1.761904762,,,,,,,101,479,1,1,27,1,62,2,0.58546169,1,0,0,1
68,opencms-core,1-OpenCMSCore,org.opencms.ade.sitemap.client.hoverbar.CmsHoverbarContextMenuButton.createContextMenu(org.opencms.ade.sitemap.client.hoverbar.CmsSitemapHoverbar),1,2,1,2,0.694444444,1,94,0.043560084,0.694444444,1,1014,0.559009903,0.694444444,1,1756,1,0.188220963,0.821292776,5.844036697,11,0.296577947,2,7.876876877,34,20.38,5.049429658,45,0,1,0,0.023809524,0.068181818,0,0.071428571,0.095238095,10.304,0,9.948717949,0.846153846,51.41025641,0,3.205128205,0,0,1.428571429,0.692307692,10.94871795,32,20,1,87,5,0,439,36,4.575299685,1983.006382,44,42,1,44,42,1,42,40,1,1,42,1,1,42,42,42,0,42.98113208,158,42.96855346,157.9545455,42.32075472,0,0,0,0,0,0,157.4318182,42.90566038,0.07816092,0.592183908,0.048275862,0,0,0,0.085057471,7.576470588,0.617647059,0,0,0,1.088235294,0.081521739,0,0,0,0.14363354,0,0,0,1.761904762,,,,,,,101,479,1,1,27,1,46,2,0.606417813,1,0,0,1
81,opencms-core,1-OpenCMSCore,org.opencms.ade.sitemap.client.hoverbar.CmsHoverbarContextMenuButton.createContextMenu(org.opencms.ade.sitemap.client.hoverbar.CmsSitemapHoverbar),4,7,3,2,0.694444444,1,94,0.043560084,0.694444444,1,1014,0.559009903,0.694444444,1,1756,1,0.188220963,0.821292776,5.844036697,11,0.296577947,2,7.876876877,34,20.38,5.049429658,45,0,1,0,0.023809524,0.068181818,0,0.071428571,0.095238095,10.304,0,9.948717949,0.846153846,51.41025641,0,3.205128205,0,0,1.428571429,0.692307692,10.94871795,32,20,1,87,5,0,439,36,4.575299685,1983.006382,44,42,1,44,42,1,42,40,1,1,42,1,1,42,42,42,0,42.98113208,158,42.96855346,157.9545455,42.32075472,0,0,0,0,0,0,157.4318182,42.90566038,0.07816092,0.592183908,0.048275862,0,0,0,0.085057471,7.576470588,0.617647059,0,0,0,1.088235294,0.081521739,0,0,0,0.14363354,0,0,0,1.761904762,,,,,,,101,479,1,1,27,1,122,2,0.506876228,1,0,0,1
11,opencms-core,2-OpenCMSCore,"org.opencms.jlan.CmsJlanNetworkFile.seekFile(long,int)",1,8,3,4,0.5,1,0,0,0.714285714,1,918.3333333,0.170606495,0.75,1,2755,0.511819486,0.694329858,0.793103448,5.611111111,10,0.25862069,2,1.739583333,12,100,7.775862069,37,0.495496901,0.166666667,0.87988269,0.033333333,0.2,0.033333333,0.115384615,0,6.714285714,0,15.13043478,0.826086957,32.95652174,0,1.52173913,0,0.066666667,0.5,0.391304348,16.34782609,12,32,5,64,5,0,403,6,3.848860757,603.9395514,35,30,30,35,1,1,30,30,30,1,27,1,30,30,30,30,73.82857143,33.85714286,75.97142857,33.61038961,75.88571429,33.79220779,0,0,0,0,0,0,76,33.55844156,0.172489083,0.256550218,0.097161572,0,0,0,0.063318777,1.487341772,0.563291139,0,0,0,0.367088608,0.378723404,0,0,0,0.246808511,0,0,0,0.651685393,,,,,,,3,3,2.5,2,16,1,262,3,0.485265226,1,1,0,0
22,opencms-core,2-OpenCMSCore,"org.opencms.jlan.CmsJlanNetworkFile.seekFile(long,int)",1,2,1,4,0.5,1,0,0,0.714285714,1,918.3333333,0.170606495,0.75,1,2755,0.511819486,0.694329858,0.793103448,5.611111111,10,0.25862069,2,1.739583333,12,100,7.775862069,37,0.495496901,0.166666667,0.87988269,0.033333333,0.2,0.033333333,0.115384615,0,6.714285714,0,15.13043478,0.826086957,32.95652174,0,1.52173913,0,0.066666667,0.5,0.391304348,16.34782609,12,32,5,64,5,0,403,6,3.848860757,603.9395514,35,30,30,35,1,1,30,30,30,1,27,1,30,30,30,30,73.82857143,33.85714286,75.97142857,33.61038961,75.88571429,33.79220779,0,0,0,0,0,0,76,33.55844156,0.172489083,0.256550218,0.097161572,0,0,0,0.063318777,1.487341772,0.563291139,0,0,0,0.367088608,0.378723404,0,0,0,0.246808511,0,0,0,0.651685393,,,,,,,3,3,2.5,2,16,1,17,2,0.644400786,1,0,0,1
24,opencms-core,2-OpenCMSCore,"org.opencms.jlan.CmsJlanNetworkFile.seekFile(long,int)",1,2,1,4,0.5,1,0,0,0.714285714,1,918.3333333,0.170606495,0.75,1,2755,0.511819486,0.694329858,0.793103448,5.611111111,10,0.25862069,2,1.739583333,12,100,7.775862069,37,0.495496901,0.166666667,0.87988269,0.033333333,0.2,0.033333333,0.115384615,0,6.714285714,0,15.13043478,0.826086957,32.95652174,0,1.52173913,0,0.066666667,0.5,0.391304348,16.34782609,12,32,5,64,5,0,403,6,3.848860757,603.9395514,35,30,30,35,1,1,30,30,30,1,27,1,30,30,30,30,73.82857143,33.85714286,75.97142857,33.61038961,75.88571429,33.79220779,0,0,0,0,0,0,76,33.55844156,0.172489083,0.256550218,0.097161572,0,0,0,0.063318777,1.487341772,0.563291139,0,0,0,0.367088608,0.378723404,0,0,0,0.246808511,0,0,0,0.651685393,,,,,,,3,3,2.5,2,16,1,13,2,0.649639817,1,0,0,1
38,opencms-core,2-OpenCMSCore,"org.opencms.jlan.CmsJlanNetworkFile.seekFile(long,int)",1,3,2,4,0.5,1,0,0,0.714285714,1,918.3333333,0.170606495,0.75,1,2755,0.511819486,0.694329858,0.793103448,5.611111111,10,0.25862069,2,1.739583333,12,100,7.775862069,37,0.495496901,0.166666667,0.87988269,0.033333333,0.2,0.033333333,0.115384615,0,6.714285714,0,15.13043478,0.826086957,32.95652174,0,1.52173913,0,0.066666667,0.5,0.391304348,16.34782609,12,32,5,64,5,0,403,6,3.848860757,603.9395514,35,30,30,35,1,1,30,30,30,1,27,1,30,30,30,30,73.82857143,33.85714286,75.97142857,33.61038961,75.88571429,33.79220779,0,0,0,0,0,0,76,33.55844156,0.172489083,0.256550218,0.097161572,0,0,0,0.063318777,1.487341772,0.563291139,0,0,0,0.367088608,0.378723404,0,0,0,0.246808511,0,0,0,0.651685393,,,,,,,3,3,2.5,2,16,1,53,2,0.597249509,1,0,0,1
44,opencms-core,2-OpenCMSCore,"org.opencms.jlan.CmsJlanNetworkFile.seekFile(long,int)",1,2,1,4,0.5,1,0,0,0.714285714,1,918.3333333,0.170606495,0.75,1,2755,0.511819486,0.694329858,0.793103448,5.611111111,10,0.25862069,2,1.739583333,12,100,7.775862069,37,0.495496901,0.166666667,0.87988269,0.033333333,0.2,0.033333333,0.115384615,0,6.714285714,0,15.13043478,0.826086957,32.95652174,0,1.52173913,0,0.066666667,0.5,0.391304348,16.34782609,12,32,5,64,5,0,403,6,3.848860757,603.9395514,35,30,30,35,1,1,30,30,30,1,27,1,30,30,30,30,73.82857143,33.85714286,75.97142857,33.61038961,75.88571429,33.79220779,0,0,0,0,0,0,76,33.55844156,0.172489083,0.256550218,0.097161572,0,0,0,0.063318777,1.487341772,0.563291139,0,0,0,0.367088608,0.378723404,0,0,0,0.246808511,0,0,0,0.651685393,,,,,,,3,3,2.5,2,16,1,171,2,0.442698101,1,0,0,1
21,opencms-core,2-OpenCMSCore,"org.opencms.jlan.CmsJlanNetworkFile.seekFile(long,int)",2,5,4,4,0.5,1,0,0,0.714285714,1,918.3333333,0.170606495,0.75,1,2755,0.511819486,0.694329858,0.793103448,5.611111111,10,0.25862069,2,1.739583333,12,100,7.775862069,37,0.495496901,0.166666667,0.87988269,0.033333333,0.2,0.033333333,0.115384615,0,6.714285714,0,15.13043478,0.826086957,32.95652174,0,1.52173913,0,0.066666667,0.5,0.391304348,16.34782609,12,32,5,64,5,0,403,6,3.848860757,603.9395514,35,30,30,35,1,1,30,30,30,1,27,1,30,30,30,30,73.82857143,33.85714286,75.97142857,33.61038961,75.88571429,33.79220779,0,0,0,0,0,0,76,33.55844156,0.172489083,0.256550218,0.097161572,0,0,0,0.063318777,1.487341772,0.563291139,0,0,0,0.367088608,0.378723404,0,0,0,0.246808511,0,0,0,0.651685393,,,,,,,3,3,2.5,2,16,1,65,2,0.581532417,1,0,0,1
16,opencms-core,2-OpenCMSCore,"org.opencms.jlan.CmsJlanNetworkFile.seekFile(long,int)",2,4,3,4,0.5,1,0,0,0.714285714,1,918.3333333,0.170606495,0.75,1,2755,0.511819486,0.694329858,0.793103448,5.611111111,10,0.25862069,2,1.739583333,12,100,7.775862069,37,0.495496901,0.166666667,0.87988269,0.033333333,0.2,0.033333333,0.115384615,0,6.714285714,0,15.13043478,0.826086957,32.95652174,0,1.52173913,0,0.066666667,0.5,0.391304348,16.34782609,12,32,5,64,5,0,403,6,3.848860757,603.9395514,35,30,30,35,1,1,30,30,30,1,27,1,30,30,30,30,73.82857143,33.85714286,75.97142857,33.61038961,75.88571429,33.79220779,0,0,0,0,0,0,76,33.55844156,0.172489083,0.256550218,0.097161572,0,0,0,0.063318777,1.487341772,0.563291139,0,0,0,0.367088608,0.378723404,0,0,0,0.246808511,0,0,0,0.651685393,,,,,,,3,3,2.5,2,16,1,124,3,0.756385069,1,1,0,0
67,opencms-core,2-OpenCMSCore,"org.opencms.jlan.CmsJlanNetworkFile.seekFile(long,int)",4,8,5,4,0.5,1,0,0,0.714285714,1,918.3333333,0.170606495,0.75,1,2755,0.511819486,0.694329858,0.793103448,5.611111111,10,0.25862069,2,1.739583333,12,100,7.775862069,37,0.495496901,0.166666667,0.87988269,0.033333333,0.2,0.033333333,0.115384615,0,6.714285714,0,15.13043478,0.826086957,32.95652174,0,1.52173913,0,0.066666667,0.5,0.391304348,16.34782609,12,32,5,64,5,0,403,6,3.848860757,603.9395514,35,30,30,35,1,1,30,30,30,1,27,1,30,30,30,30,73.82857143,33.85714286,75.97142857,33.61038961,75.88571429,33.79220779,0,0,0,0,0,0,76,33.55844156,0.172489083,0.256550218,0.097161572,0,0,0,0.063318777,1.487341772,0.563291139,0,0,0,0.367088608,0.378723404,0,0,0,0.246808511,0,0,0,0.651685393,,,,,,,3,3,2.5,2,16,1,18,3,0.964636542,1,1,0,0
79,opencms-core,2-OpenCMSCore,"org.opencms.jlan.CmsJlanNetworkFile.seekFile(long,int)",4,10,10,4,0.5,1,0,0,0.714285714,1,918.3333333,0.170606495,0.75,1,2755,0.511819486,0.694329858,0.793103448,5.611111111,10,0.25862069,2,1.739583333,12,100,7.775862069,37,0.495496901,0.166666667,0.87988269,0.033333333,0.2,0.033333333,0.115384615,0,6.714285714,0,15.13043478,0.826086957,32.95652174,0,1.52173913,0,0.066666667,0.5,0.391304348,16.34782609,12,32,5,64,5,0,403,6,3.848860757,603.9395514,35,30,30,35,1,1,30,30,30,1,27,1,30,30,30,30,73.82857143,33.85714286,75.97142857,33.61038961,75.88571429,33.79220779,0,0,0,0,0,0,76,33.55844156,0.172489083,0.256550218,0.097161572,0,0,0,0.063318777,1.487341772,0.563291139,0,0,0,0.367088608,0.378723404,0,0,0,0.246808511,0,0,0,0.651685393,,,,,,,3,3,2.5,2,16,1,29,2,0.628683694,1,0,0,1
11,opencms-core,3-OpenCMSCore,org.opencms.main.CmsShell.execute(java.io.Reader),1,8,3,5,1,1,17,0.000252794,1,1,715.2272727,0.218853435,1,1,2192,1,0.184699863,0.7265625,5.553398058,12,1.1015625,7,3.731343284,16,100,9.8125,37,0.316712158,0.079056942,0.984250984,0.173076923,0.057142857,0.057692308,0.186440678,0.192307692,7.120879121,0.125,19.58333333,0.5,40.5,0.041666667,1.895833333,0.083333333,0.038461538,1,0.5,21.10416667,16,48,2,89,8,3,1167,15,3.827446245,1852.324932,70,51,52,70,52,51,52,52,65,51,52,52,52,51,52,52,102.9857143,68.98076923,103,68.75961538,102.8571429,68.56730769,103,68.90384615,103,69,103,68.33653846,102.9428571,68.69230769,0.264750378,0.245461422,0.034795764,0.001891074,0.001134644,0.002269289,0.066565809,0.927142857,0.131428571,0.007142857,0.004285714,0.008571429,0.251428571,0.141756549,0.00770416,0.004622496,0.009244992,0.271186441,0.054347826,0.032608696,0.065217391,1.913043478,0.6,1.2,35.2,2,58.66666667,29.33333333,35,54,4.5,1,31,1,206,1,0.198428291,0,0,1,1
11,opencms-core,3-OpenCMSCore,org.opencms.main.CmsShell.execute(java.io.Reader),1,8,3,5,1,1,17,0.000252794,1,1,715.2272727,0.218853435,1,1,2192,1,0.184699863,0.7265625,5.553398058,12,1.1015625,7,3.731343284,16,100,9.8125,37,0.316712158,0.079056942,0.984250984,0.173076923,0.057142857,0.057692308,0.186440678,0.192307692,7.120879121,0.125,19.58333333,0.5,40.5,0.041666667,1.895833333,0.083333333,0.038461538,1,0.5,21.10416667,16,48,2,89,8,3,1167,15,3.827446245,1852.324932,70,51,52,70,52,51,52,52,65,51,52,52,52,51,52,52,102.9857143,68.98076923,103,68.75961538,102.8571429,68.56730769,103,68.90384615,103,69,103,68.33653846,102.9428571,68.69230769,0.264750378,0.245461422,0.034795764,0.001891074,0.001134644,0.002269289,0.066565809,0.927142857,0.131428571,0.007142857,0.004285714,0.008571429,0.251428571,0.141756549,0.00770416,0.004622496,0.009244992,0.271186441,0.054347826,0.032608696,0.065217391,1.913043478,0.6,1.2,35.2,2,58.66666667,29.33333333,35,54,4.5,1,31,1,206,1,0.198428291,0,0,1,1
32,opencms-core,3-OpenCMSCore,org.opencms.main.CmsShell.execute(java.io.Reader),1,6,1,5,1,1,17,0.000252794,1,1,715.2272727,0.218853435,1,1,2192,1,0.184699863,0.7265625,5.553398058,12,1.1015625,7,3.731343284,16,100,9.8125,37,0.316712158,0.079056942,0.984250984,0.173076923,0.057142857,0.057692308,0.186440678,0.192307692,7.120879121,0.125,19.58333333,0.5,40.5,0.041666667,1.895833333,0.083333333,0.038461538,1,0.5,21.10416667,16,48,2,89,8,3,1167,15,3.827446245,1852.324932,70,51,52,70,52,51,52,52,65,51,52,52,52,51,52,52,102.9857143,68.98076923,103,68.75961538,102.8571429,68.56730769,103,68.90384615,103,69,103,68.33653846,102.9428571,68.69230769,0.264750378,0.245461422,0.034795764,0.001891074,0.001134644,0.002269289,0.066565809,0.927142857,0.131428571,0.007142857,0.004285714,0.008571429,0.251428571,0.141756549,0.00770416,0.004622496,0.009244992,0.271186441,0.054347826,0.032608696,0.065217391,1.913043478,0.6,1.2,35.2,2,58.66666667,29.33333333,35,54,4.5,1,31,1,89,2,0.550098232,1,0,0,1
14,opencms-core,3-OpenCMSCore,org.opencms.main.CmsShell.execute(java.io.Reader),4,3,3,5,1,1,17,0.000252794,1,1,715.2272727,0.218853435,1,1,2192,1,0.184699863,0.7265625,5.553398058,12,1.1015625,7,3.731343284,16,100,9.8125,37,0.316712158,0.079056942,0.984250984,0.173076923,0.057142857,0.057692308,0.186440678,0.192307692,7.120879121,0.125,19.58333333,0.5,40.5,0.041666667,1.895833333,0.083333333,0.038461538,1,0.5,21.10416667,16,48,2,89,8,3,1167,15,3.827446245,1852.324932,70,51,52,70,52,51,52,52,65,51,52,52,52,51,52,52,102.9857143,68.98076923,103,68.75961538,102.8571429,68.56730769,103,68.90384615,103,69,103,68.33653846,102.9428571,68.69230769,0.264750378,0.245461422,0.034795764,0.001891074,0.001134644,0.002269289,0.066565809,0.927142857,0.131428571,0.007142857,0.004285714,0.008571429,0.251428571,0.141756549,0.00770416,0.004622496,0.009244992,0.271186441,0.054347826,0.032608696,0.065217391,1.913043478,0.6,1.2,35.2,2,58.66666667,29.33333333,35,54,4.5,1,31,0,,0,0,0,0,0,0
44,opencms-core,3-OpenCMSCore,org.opencms.main.CmsShell.execute(java.io.Reader),1,2,1,5,1,1,17,0.000252794,1,1,715.2272727,0.218853435,1,1,2192,1,0.184699863,0.7265625,5.553398058,12,1.1015625,7,3.731343284,16,100,9.8125,37,0.316712158,0.079056942,0.984250984,0.173076923,0.057142857,0.057692308,0.186440678,0.192307692,7.120879121,0.125,19.58333333,0.5,40.5,0.041666667,1.895833333,0.083333333,0.038461538,1,0.5,21.10416667,16,48,2,89,8,3,1167,15,3.827446245,1852.324932,70,51,52,70,52,51,52,52,65,51,52,52,52,51,52,52,102.9857143,68.98076923,103,68.75961538,102.8571429,68.56730769,103,68.90384615,103,69,103,68.33653846,102.9428571,68.69230769,0.264750378,0.245461422,0.034795764,0.001891074,0.001134644,0.002269289,0.066565809,0.927142857,0.131428571,0.007142857,0.004285714,0.008571429,0.251428571,0.141756549,0.00770416,0.004622496,0.009244992,0.271186441,0.054347826,0.032608696,0.065217391,1.913043478,0.6,1.2,35.2,2,58.66666667,29.33333333,35,54,4.5,1,31,1,83,2,0.557956778,1,0,0,1
21,opencms-core,3-OpenCMSCore,org.opencms.main.CmsShell.execute(java.io.Reader),2,5,4,5,1,1,17,0.000252794,1,1,715.2272727,0.218853435,1,1,2192,1,0.184699863,0.7265625,5.553398058,12,1.1015625,7,3.731343284,16,100,9.8125,37,0.316712158,0.079056942,0.984250984,0.173076923,0.057142857,0.057692308,0.186440678,0.192307692,7.120879121,0.125,19.58333333,0.5,40.5,0.041666667,1.895833333,0.083333333,0.038461538,1,0.5,21.10416667,16,48,2,89,8,3,1167,15,3.827446245,1852.324932,70,51,52,70,52,51,52,52,65,51,52,52,52,51,52,52,102.9857143,68.98076923,103,68.75961538,102.8571429,68.56730769,103,68.90384615,103,69,103,68.33653846,102.9428571,68.69230769,0.264750378,0.245461422,0.034795764,0.001891074,0.001134644,0.002269289,0.066565809,0.927142857,0.131428571,0.007142857,0.004285714,0.008571429,0.251428571,0.141756549,0.00770416,0.004622496,0.009244992,0.271186441,0.054347826,0.032608696,0.065217391,1.913043478,0.6,1.2,35.2,2,58.66666667,29.33333333,35,54,4.5,1,31,1,87,3,0.829076621,1,1,0,0
8,opencms-core,3-OpenCMSCore,org.opencms.main.CmsShell.execute(java.io.Reader),4,5,2,5,1,1,17,0.000252794,1,1,715.2272727,0.218853435,1,1,2192,1,0.184699863,0.7265625,5.553398058,12,1.1015625,7,3.731343284,16,100,9.8125,37,0.316712158,0.079056942,0.984250984,0.173076923,0.057142857,0.057692308,0.186440678,0.192307692,7.120879121,0.125,19.58333333,0.5,40.5,0.041666667,1.895833333,0.083333333,0.038461538,1,0.5,21.10416667,16,48,2,89,8,3,1167,15,3.827446245,1852.324932,70,51,52,70,52,51,52,52,65,51,52,52,52,51,52,52,102.9857143,68.98076923,103,68.75961538,102.8571429,68.56730769,103,68.90384615,103,69,103,68.33653846,102.9428571,68.69230769,0.264750378,0.245461422,0.034795764,0.001891074,0.001134644,0.002269289,0.066565809,0.927142857,0.131428571,0.007142857,0.004285714,0.008571429,0.251428571,0.141756549,0.00770416,0.004622496,0.009244992,0.271186441,0.054347826,0.032608696,0.065217391,1.913043478,0.6,1.2,35.2,2,58.66666667,29.33333333,35,54,4.5,1,31,1,125,2,0.502946955,1,0,0,1
68,opencms-core,3-OpenCMSCore,org.opencms.main.CmsShell.execute(java.io.Reader),1,2,1,5,1,1,17,0.000252794,1,1,715.2272727,0.218853435,1,1,2192,1,0.184699863,0.7265625,5.553398058,12,1.1015625,7,3.731343284,16,100,9.8125,37,0.316712158,0.079056942,0.984250984,0.173076923,0.057142857,0.057692308,0.186440678,0.192307692,7.120879121,0.125,19.58333333,0.5,40.5,0.041666667,1.895833333,0.083333333,0.038461538,1,0.5,21.10416667,16,48,2,89,8,3,1167,15,3.827446245,1852.324932,70,51,52,70,52,51,52,52,65,51,52,52,52,51,52,52,102.9857143,68.98076923,103,68.75961538,102.8571429,68.56730769,103,68.90384615,103,69,103,68.33653846,102.9428571,68.69230769,0.264750378,0.245461422,0.034795764,0.001891074,0.001134644,0.002269289,0.066565809,0.927142857,0.131428571,0.007142857,0.004285714,0.008571429,0.251428571,0.141756549,0.00770416,0.004622496,0.009244992,0.271186441,0.054347826,0.032608696,0.065217391,1.913043478,0.6,1.2,35.2,2,58.66666667,29.33333333,35,54,4.5,1,31,1,169,3,0.667976424,1,1,0,0
79,opencms-core,3-OpenCMSCore,org.opencms.main.CmsShell.execute(java.io.Reader),4,10,10,5,1,1,17,0.000252794,1,1,715.2272727,0.218853435,1,1,2192,1,0.184699863,0.7265625,5.553398058,12,1.1015625,7,3.731343284,16,100,9.8125,37,0.316712158,0.079056942,0.984250984,0.173076923,0.057142857,0.057692308,0.186440678,0.192307692,7.120879121,0.125,19.58333333,0.5,40.5,0.041666667,1.895833333,0.083333333,0.038461538,1,0.5,21.10416667,16,48,2,89,8,3,1167,15,3.827446245,1852.324932,70,51,52,70,52,51,52,52,65,51,52,52,52,51,52,52,102.9857143,68.98076923,103,68.75961538,102.8571429,68.56730769,103,68.90384615,103,69,103,68.33653846,102.9428571,68.69230769,0.264750378,0.245461422,0.034795764,0.001891074,0.001134644,0.002269289,0.066565809,0.927142857,0.131428571,0.007142857,0.004285714,0.008571429,0.251428571,0.141756549,0.00770416,0.004622496,0.009244992,0.271186441,0.054347826,0.032608696,0.065217391,1.913043478,0.6,1.2,35.2,2,58.66666667,29.33333333,35,54,4.5,1,31,1,12,1,0.325474787,0,0,1,1
11,opencms-core,4-OpenCMSCore,"org.opencms.test.OpenCmsTestCase.generateContent(org.opencms.file.CmsObject,java.lang.String,int,double)",1,8,3,2,0.78125,1,138,0,0.828125,1,689.25,0,0.875,1,1843,0,0.539273679,0.838095238,5.488636364,10,1.714285714,7,3.239726027,16,100,6.723809524,37,0,1,0,0.1875,0.133333333,0.09375,0.315789474,0,10.27272727,0,10,0.461538462,38.84615385,0,2.115384615,0.192307692,0.5,0.28125,0.269230769,11.69230769,21,16,5,118,9,3,415,12,4.405288043,622.3752045,45,32,32,45,1,1,32,32,40,1,29,32,32,29,31,22,117.9777778,44,117.8666667,43.86554622,117.9333333,43.8907563,117.9555556,43.22689076,117.9777778,43.92436975,0,0,117.9111111,43.80672269,0.309165527,0.331737346,0.036935705,0.004103967,0.073871409,0,0.039671683,1.07300885,0.119469027,0.013274336,0.238938053,0,0.128318584,0.111340206,0.012371134,0.222680412,0,0.119587629,0.111111111,2,0,1.074074074,18,0,9.666666667,0,0.537037037,,21,42,1,4,8,0,,0,0,0,0,0,0
22,opencms-core,4-OpenCMSCore,"org.opencms.test.OpenCmsTestCase.generateContent(org.opencms.file.CmsObject,java.lang.String,int,double)",1,2,1,2,0.78125,1,138,0,0.828125,1,689.25,0,0.875,1,1843,0,0.539273679,0.838095238,5.488636364,10,1.714285714,7,3.239726027,16,100,6.723809524,37,0,1,0,0.1875,0.133333333,0.09375,0.315789474,0,10.27272727,0,10,0.461538462,38.84615385,0,2.115384615,0.192307692,0.5,0.28125,0.269230769,11.69230769,21,16,5,118,9,3,415,12,4.405288043,622.3752045,45,32,32,45,1,1,32,32,40,1,29,32,32,29,31,22,117.9777778,44,117.8666667,43.86554622,117.9333333,43.8907563,117.9555556,43.22689076,117.9777778,43.92436975,0,0,117.9111111,43.80672269,0.309165527,0.331737346,0.036935705,0.004103967,0.073871409,0,0.039671683,1.07300885,0.119469027,0.013274336,0.238938053,0,0.128318584,0.111340206,0.012371134,0.222680412,0,0.119587629,0.111111111,2,0,1.074074074,18,0,9.666666667,0,0.537037037,,21,42,1,4,8,0,,0,0,0,0,0,0
32,opencms-core,4-OpenCMSCore,"org.opencms.test.OpenCmsTestCase.generateContent(org.opencms.file.CmsObject,java.lang.String,int,double)",1,6,1,2,0.78125,1,138,0,0.828125,1,689.25,0,0.875,1,1843,0,0.539273679,0.838095238,5.488636364,10,1.714285714,7,3.239726027,16,100,6.723809524,37,0,1,0,0.1875,0.133333333,0.09375,0.315789474,0,10.27272727,0,10,0.461538462,38.84615385,0,2.115384615,0.192307692,0.5,0.28125,0.269230769,11.69230769,21,16,5,118,9,3,415,12,4.405288043,622.3752045,45,32,32,45,1,1,32,32,40,1,29,32,32,29,31,22,117.9777778,44,117.8666667,43.86554622,117.9333333,43.8907563,117.9555556,43.22689076,117.9777778,43.92436975,0,0,117.9111111,43.80672269,0.309165527,0.331737346,0.036935705,0.004103967,0.073871409,0,0.039671683,1.07300885,0.119469027,0.013274336,0.238938053,0,0.128318584,0.111340206,0.012371134,0.222680412,0,0.119587629,0.111111111,2,0,1.074074074,18,0,9.666666667,0,0.537037037,,21,42,1,4,8,0,,0,0,0,0,0,0
14,opencms-core,4-OpenCMSCore,"org.opencms.test.OpenCmsTestCase.generateContent(org.opencms.file.CmsObject,java.lang.String,int,double)",4,3,3,2,0.78125,1,138,0,0.828125,1,689.25,0,0.875,1,1843,0,0.539273679,0.838095238,5.488636364,10,1.714285714,7,3.239726027,16,100,6.723809524,37,0,1,0,0.1875,0.133333333,0.09375,0.315789474,0,10.27272727,0,10,0.461538462,38.84615385,0,2.115384615,0.192307692,0.5,0.28125,0.269230769,11.69230769,21,16,5,118,9,3,415,12,4.405288043,622.3752045,45,32,32,45,1,1,32,32,40,1,29,32,32,29,31,22,117.9777778,44,117.8666667,43.86554622,117.9333333,43.8907563,117.9555556,43.22689076,117.9777778,43.92436975,0,0,117.9111111,43.80672269,0.309165527,0.331737346,0.036935705,0.004103967,0.073871409,0,0.039671683,1.07300885,0.119469027,0.013274336,0.238938053,0,0.128318584,0.111340206,0.012371134,0.222680412,0,0.119587629,0.111111111,2,0,1.074074074,18,0,9.666666667,0,0.537037037,,21,42,1,4,8,1,165,3,0.675834971,1,1,0,0
44,opencms-core,4-OpenCMSCore,"org.opencms.test.OpenCmsTestCase.generateContent(org.opencms.file.CmsObject,java.lang.String,int,double)",1,2,1,2,0.78125,1,138,0,0.828125,1,689.25,0,0.875,1,1843,0,0.539273679,0.838095238,5.488636364,10,1.714285714,7,3.239726027,16,100,6.723809524,37,0,1,0,0.1875,0.133333333,0.09375,0.315789474,0,10.27272727,0,10,0.461538462,38.84615385,0,2.115384615,0.192307692,0.5,0.28125,0.269230769,11.69230769,21,16,5,118,9,3,415,12,4.405288043,622.3752045,45,32,32,45,1,1,32,32,40,1,29,32,32,29,31,22,117.9777778,44,117.8666667,43.86554622,117.9333333,43.8907563,117.9555556,43.22689076,117.9777778,43.92436975,0,0,117.9111111,43.80672269,0.309165527,0.331737346,0.036935705,0.004103967,0.073871409,0,0.039671683,1.07300885,0.119469027,0.013274336,0.238938053,0,0.128318584,0.111340206,0.012371134,0.222680412,0,0.119587629,0.111111111,2,0,1.074074074,18,0,9.666666667,0,0.537037037,,21,42,1,4,8,1,79,2,0.563195809,1,0,0,1
21,opencms-core,4-OpenCMSCore,"org.opencms.test.OpenCmsTestCase.generateContent(org.opencms.file.CmsObject,java.lang.String,int,double)",2,5,4,2,0.78125,1,138,0,0.828125,1,689.25,0,0.875,1,1843,0,0.539273679,0.838095238,5.488636364,10,1.714285714,7,3.239726027,16,100,6.723809524,37,0,1,0,0.1875,0.133333333,0.09375,0.315789474,0,10.27272727,0,10,0.461538462,38.84615385,0,2.115384615,0.192307692,0.5,0.28125,0.269230769,11.69230769,21,16,5,118,9,3,415,12,4.405288043,622.3752045,45,32,32,45,1,1,32,32,40,1,29,32,32,29,31,22,117.9777778,44,117.8666667,43.86554622,117.9333333,43.8907563,117.9555556,43.22689076,117.9777778,43.92436975,0,0,117.9111111,43.80672269,0.309165527,0.331737346,0.036935705,0.004103967,0.073871409,0,0.039671683,1.07300885,0.119469027,0.013274336,0.238938053,0,0.128318584,0.111340206,0.012371134,0.222680412,0,0.119587629,0.111111111,2,0,1.074074074,18,0,9.666666667,0,0.537037037,,21,42,1,4,8,1,122,2,0.506876228,1,0,0,1
47,opencms-core,4-OpenCMSCore,"org.opencms.test.OpenCmsTestCase.generateContent(org.opencms.file.CmsObject,java.lang.String,int,double)",1,4,3,2,0.78125,1,138,0,0.828125,1,689.25,0,0.875,1,1843,0,0.539273679,0.838095238,5.488636364,10,1.714285714,7,3.239726027,16,100,6.723809524,37,0,1,0,0.1875,0.133333333,0.09375,0.315789474,0,10.27272727,0,10,0.461538462,38.84615385,0,2.115384615,0.192307692,0.5,0.28125,0.269230769,11.69230769,21,16,5,118,9,3,415,12,4.405288043,622.3752045,45,32,32,45,1,1,32,32,40,1,29,32,32,29,31,22,117.9777778,44,117.8666667,43.86554622,117.9333333,43.8907563,117.9555556,43.22689076,117.9777778,43.92436975,0,0,117.9111111,43.80672269,0.309165527,0.331737346,0.036935705,0.004103967,0.073871409,0,0.039671683,1.07300885,0.119469027,0.013274336,0.238938053,0,0.128318584,0.111340206,0.012371134,0.222680412,0,0.119587629,0.111111111,2,0,1.074074074,18,0,9.666666667,0,0.537037037,,21,42,1,4,8,1,30,2,0.627373936,1,0,0,1
68,opencms-core,4-OpenCMSCore,"org.opencms.test.OpenCmsTestCase.generateContent(org.opencms.file.CmsObject,java.lang.String,int,double)",1,2,1,2,0.78125,1,138,0,0.828125,1,689.25,0,0.875,1,1843,0,0.539273679,0.838095238,5.488636364,10,1.714285714,7,3.239726027,16,100,6.723809524,37,0,1,0,0.1875,0.133333333,0.09375,0.315789474,0,10.27272727,0,10,0.461538462,38.84615385,0,2.115384615,0.192307692,0.5,0.28125,0.269230769,11.69230769,21,16,5,118,9,3,415,12,4.405288043,622.3752045,45,32,32,45,1,1,32,32,40,1,29,32,32,29,31,22,117.9777778,44,117.8666667,43.86554622,117.9333333,43.8907563,117.9555556,43.22689076,117.9777778,43.92436975,0,0,117.9111111,43.80672269,0.309165527,0.331737346,0.036935705,0.004103967,0.073871409,0,0.039671683,1.07300885,0.119469027,0.013274336,0.238938053,0,0.128318584,0.111340206,0.012371134,0.222680412,0,0.119587629,0.111111111,2,0,1.074074074,18,0,9.666666667,0,0.537037037,,21,42,1,4,8,1,50,2,0.601178782,1,0,0,1
81,opencms-core,4-OpenCMSCore,"org.opencms.test.OpenCmsTestCase.generateContent(org.opencms.file.CmsObject,java.lang.String,int,double)",4,7,3,2,0.78125,1,138,0,0.828125,1,689.25,0,0.875,1,1843,0,0.539273679,0.838095238,5.488636364,10,1.714285714,7,3.239726027,16,100,6.723809524,37,0,1,0,0.1875,0.133333333,0.09375,0.315789474,0,10.27272727,0,10,0.461538462,38.84615385,0,2.115384615,0.192307692,0.5,0.28125,0.269230769,11.69230769,21,16,5,118,9,3,415,12,4.405288043,622.3752045,45,32,32,45,1,1,32,32,40,1,29,32,32,29,31,22,117.9777778,44,117.8666667,43.86554622,117.9333333,43.8907563,117.9555556,43.22689076,117.9777778,43.92436975,0,0,117.9111111,43.80672269,0.309165527,0.331737346,0.036935705,0.004103967,0.073871409,0,0.039671683,1.07300885,0.119469027,0.013274336,0.238938053,0,0.128318584,0.111340206,0.012371134,0.222680412,0,0.119587629,0.111111111,2,0,1.074074074,18,0,9.666666667,0,0.537037037,,21,42,1,4,8,1,49,2,0.60248854,1,0,0,1
12,opencms-core,5-OpenCMSCore,org.opencms.workplace.list.CmsListRadioMultiAction.buttonHtml(org.opencms.workplace.CmsWorkplace),4,10,2,3,0.162860577,0.1831,1843,0,0.864031541,0.553744318,1843,0,1,1,1843,0,0.631089926,0.861702128,3.94047619,10,0.010638298,1,0.622047244,5,100,9.755319149,37,0.466578141,0.213200716,0.978019294,0.03125,0.029411765,0.125,0.088235294,0,9.682926829,0.064516129,12.64516129,0.193548387,31.16129032,0,1.322580645,0,0.34375,0.875,0.35483871,13.5483871,27,16,1,112,8,0,432,11,4.163395899,804.2346001,34,32,32,34,1,32,32,32,34,1,32,1,32,31,32,32,112,33,111.9705882,32.90265487,111.9411765,32.9380531,0,0,111.9705882,32.94690265,0,0,111.7941176,32.88495575,0.09039548,0.359698682,0.026365348,0,0.04613936,0,0.084745763,3.979166667,0.291666667,0,0.510416667,0,0.9375,0.073298429,0,0.128272251,0,0.235602094,0,1.75,0,3.214285714,,,,0,1.836734694,,7,19,2,1,6,1,207,3,0.593320236,1,1,0,0
24,opencms-core,5-OpenCMSCore,org.opencms.workplace.list.CmsListRadioMultiAction.buttonHtml(org.opencms.workplace.CmsWorkplace),1,2,1,3,0.162860577,0.1831,1843,0,0.864031541,0.553744318,1843,0,1,1,1843,0,0.631089926,0.861702128,3.94047619,10,0.010638298,1,0.622047244,5,100,9.755319149,37,0.466578141,0.213200716,0.978019294,0.03125,0.029411765,0.125,0.088235294,0,9.682926829,0.064516129,12.64516129,0.193548387,31.16129032,0,1.322580645,0,0.34375,0.875,0.35483871,13.5483871,27,16,1,112,8,0,432,11,4.163395899,804.2346001,34,32,32,34,1,32,32,32,34,1,32,1,32,31,32,32,112,33,111.9705882,32.90265487,111.9411765,32.9380531,0,0,111.9705882,32.94690265,0,0,111.7941176,32.88495575,0.09039548,0.359698682,0.026365348,0,0.04613936,0,0.084745763,3.979166667,0.291666667,0,0.510416667,0,0.9375,0.073298429,0,0.128272251,0,0.235602094,0,1.75,0,3.214285714,,,,0,1.836734694,,7,19,2,1,6,0,,0,0,0,0,0,0
33,opencms-core,5-OpenCMSCore,org.opencms.workplace.list.CmsListRadioMultiAction.buttonHtml(org.opencms.workplace.CmsWorkplace),1,4,1,3,0.162860577,0.1831,1843,0,0.864031541,0.553744318,1843,0,1,1,1843,0,0.631089926,0.861702128,3.94047619,10,0.010638298,1,0.622047244,5,100,9.755319149,37,0.466578141,0.213200716,0.978019294,0.03125,0.029411765,0.125,0.088235294,0,9.682926829,0.064516129,12.64516129,0.193548387,31.16129032,0,1.322580645,0,0.34375,0.875,0.35483871,13.5483871,27,16,1,112,8,0,432,11,4.163395899,804.2346001,34,32,32,34,1,32,32,32,34,1,32,1,32,31,32,32,112,33,111.9705882,32.90265487,111.9411765,32.9380531,0,0,111.9705882,32.94690265,0,0,111.7941176,32.88495575,0.09039548,0.359698682,0.026365348,0,0.04613936,0,0.084745763,3.979166667,0.291666667,0,0.510416667,0,0.9375,0.073298429,0,0.128272251,0,0.235602094,0,1.75,0,3.214285714,,,,0,1.836734694,,7,19,2,1,6,1,53,1,0.298624754,0,0,1,1
14,opencms-core,5-OpenCMSCore,org.opencms.workplace.list.CmsListRadioMultiAction.buttonHtml(org.opencms.workplace.CmsWorkplace),4,3,3,3,0.162860577,0.1831,1843,0,0.864031541,0.553744318,1843,0,1,1,1843,0,0.631089926,0.861702128,3.94047619,10,0.010638298,1,0.622047244,5,100,9.755319149,37,0.466578141,0.213200716,0.978019294,0.03125,0.029411765,0.125,0.088235294,0,9.682926829,0.064516129,12.64516129,0.193548387,31.16129032,0,1.322580645,0,0.34375,0.875,0.35483871,13.5483871,27,16,1,112,8,0,432,11,4.163395899,804.2346001,34,32,32,34,1,32,32,32,34,1,32,1,32,31,32,32,112,33,111.9705882,32.90265487,111.9411765,32.9380531,0,0,111.9705882,32.94690265,0,0,111.7941176,32.88495575,0.09039548,0.359698682,0.026365348,0,0.04613936,0,0.084745763,3.979166667,0.291666667,0,0.510416667,0,0.9375,0.073298429,0,0.128272251,0,0.235602094,0,1.75,0,3.214285714,,,,0,1.836734694,,7,19,2,1,6,1,48,2,0.603798297,1,0,0,1
44,opencms-core,5-OpenCMSCore,org.opencms.workplace.list.CmsListRadioMultiAction.buttonHtml(org.opencms.workplace.CmsWorkplace),1,2,1,3,0.162860577,0.1831,1843,0,0.864031541,0.553744318,1843,0,1,1,1843,0,0.631089926,0.861702128,3.94047619,10,0.010638298,1,0.622047244,5,100,9.755319149,37,0.466578141,0.213200716,0.978019294,0.03125,0.029411765,0.125,0.088235294,0,9.682926829,0.064516129,12.64516129,0.193548387,31.16129032,0,1.322580645,0,0.34375,0.875,0.35483871,13.5483871,27,16,1,112,8,0,432,11,4.163395899,804.2346001,34,32,32,34,1,32,32,32,34,1,32,1,32,31,32,32,112,33,111.9705882,32.90265487,111.9411765,32.9380531,0,0,111.9705882,32.94690265,0,0,111.7941176,32.88495575,0.09039548,0.359698682,0.026365348,0,0.04613936,0,0.084745763,3.979166667,0.291666667,0,0.510416667,0,0.9375,0.073298429,0,0.128272251,0,0.235602094,0,1.75,0,3.214285714,,,,0,1.836734694,,7,19,2,1,6,0,,0,0,0,0,0,0
35,opencms-core,5-OpenCMSCore,org.opencms.workplace.list.CmsListRadioMultiAction.buttonHtml(org.opencms.workplace.CmsWorkplace),1,3,1,3,0.162860577,0.1831,1843,0,0.864031541,0.553744318,1843,0,1,1,1843,0,0.631089926,0.861702128,3.94047619,10,0.010638298,1,0.622047244,5,100,9.755319149,37,0.466578141,0.213200716,0.978019294,0.03125,0.029411765,0.125,0.088235294,0,9.682926829,0.064516129,12.64516129,0.193548387,31.16129032,0,1.322580645,0,0.34375,0.875,0.35483871,13.5483871,27,16,1,112,8,0,432,11,4.163395899,804.2346001,34,32,32,34,1,32,32,32,34,1,32,1,32,31,32,32,112,33,111.9705882,32.90265487,111.9411765,32.9380531,0,0,111.9705882,32.94690265,0,0,111.7941176,32.88495575,0.09039548,0.359698682,0.026365348,0,0.04613936,0,0.084745763,3.979166667,0.291666667,0,0.510416667,0,0.9375,0.073298429,0,0.128272251,0,0.235602094,0,1.75,0,3.214285714,,,,0,1.836734694,,7,19,2,1,6,1,10,1,0.326784545,0,0,1,1
8,opencms-core,5-OpenCMSCore,org.opencms.workplace.list.CmsListRadioMultiAction.buttonHtml(org.opencms.workplace.CmsWorkplace),4,5,2,3,0.162860577,0.1831,1843,0,0.864031541,0.553744318,1843,0,1,1,1843,0,0.631089926,0.861702128,3.94047619,10,0.010638298,1,0.622047244,5,100,9.755319149,37,0.466578141,0.213200716,0.978019294,0.03125,0.029411765,0.125,0.088235294,0,9.682926829,0.064516129,12.64516129,0.193548387,31.16129032,0,1.322580645,0,0.34375,0.875,0.35483871,13.5483871,27,16,1,112,8,0,432,11,4.163395899,804.2346001,34,32,32,34,1,32,32,32,34,1,32,1,32,31,32,32,112,33,111.9705882,32.90265487,111.9411765,32.9380531,0,0,111.9705882,32.94690265,0,0,111.7941176,32.88495575,0.09039548,0.359698682,0.026365348,0,0.04613936,0,0.084745763,3.979166667,0.291666667,0,0.510416667,0,0.9375,0.073298429,0,0.128272251,0,0.235602094,0,1.75,0,3.214285714,,,,0,1.836734694,,7,19,2,1,6,1,174,2,0.438768828,1,0,0,1
68,opencms-core,5-OpenCMSCore,org.opencms.workplace.list.CmsListRadioMultiAction.buttonHtml(org.opencms.workplace.CmsWorkplace),1,2,1,3,0.162860577,0.1831,1843,0,0.864031541,0.553744318,1843,0,1,1,1843,0,0.631089926,0.861702128,3.94047619,10,0.010638298,1,0.622047244,5,100,9.755319149,37,0.466578141,0.213200716,0.978019294,0.03125,0.029411765,0.125,0.088235294,0,9.682926829,0.064516129,12.64516129,0.193548387,31.16129032,0,1.322580645,0,0.34375,0.875,0.35483871,13.5483871,27,16,1,112,8,0,432,11,4.163395899,804.2346001,34,32,32,34,1,32,32,32,34,1,32,1,32,31,32,32,112,33,111.9705882,32.90265487,111.9411765,32.9380531,0,0,111.9705882,32.94690265,0,0,111.7941176,32.88495575,0.09039548,0.359698682,0.026365348,0,0.04613936,0,0.084745763,3.979166667,0.291666667,0,0.510416667,0,0.9375,0.073298429,0,0.128272251,0,0.235602094,0,1.75,0,3.214285714,,,,0,1.836734694,,7,19,2,1,6,1,8,1,0.328094303,0,0,1,1
81,opencms-core,5-OpenCMSCore,org.opencms.workplace.list.CmsListRadioMultiAction.buttonHtml(org.opencms.workplace.CmsWorkplace),4,7,3,3,0.162860577,0.1831,1843,0,0.864031541,0.553744318,1843,0,1,1,1843,0,0.631089926,0.861702128,3.94047619,10,0.010638298,1,0.622047244,5,100,9.755319149,37,0.466578141,0.213200716,0.978019294,0.03125,0.029411765,0.125,0.088235294,0,9.682926829,0.064516129,12.64516129,0.193548387,31.16129032,0,1.322580645,0,0.34375,0.875,0.35483871,13.5483871,27,16,1,112,8,0,432,11,4.163395899,804.2346001,34,32,32,34,1,32,32,32,34,1,32,1,32,31,32,32,112,33,111.9705882,32.90265487,111.9411765,32.9380531,0,0,111.9705882,32.94690265,0,0,111.7941176,32.88495575,0.09039548,0.359698682,0.026365348,0,0.04613936,0,0.084745763,3.979166667,0.291666667,0,0.510416667,0,0.9375,0.073298429,0,0.128272251,0,0.235602094,0,1.75,0,3.214285714,,,,0,1.836734694,,7,19,2,1,6,0,,0,0,0,0,0,0
5,spring-batch,1-SpringBatch,org.springframework.batch.container.jms.BatchMessageListenerContainerIntegrationTests.testFailureAndRecovery(),2,2,2,3,0.75,0.5,0,0,0.75,0.5,234.9393939,0.006295344,0.75,0.5,1124,0.065286781,0.361793697,0.847222222,5.3125,11,0,0,2.585106383,14,0,4.819444444,45,0.522544307,0.142857143,1,0.066666667,0,0.2,0.02173913,0.177777778,9.333333333,0,0,0.666666667,27.08888889,0,2.066666667,0.044444444,0.022222222,1.088888889,0.333333333,1.666666667,22,0,3,96,7,1,153,13,4.923989992,1698.504973,45,45,45,1,45,1,45,45,34,1,45,45,45,42,45,45,0,0,100.9555556,43.80392157,100.9111111,43.66666667,0,0,100.9777778,43.89215686,0,0,100.9333333,43.71568627,0,0.57122905,0.091480447,0,0.028631285,0,0.108938547,,,,,,,0.160146699,0,0.050122249,0,0.190709046,0,0.312977099,0,1.190839695,,,,0,3.804878049,,75,78,6.4,0,21,1,182,1,0.214145383,0,0,1,1
4,spring-batch,1-SpringBatch,org.springframework.batch.container.jms.BatchMessageListenerContainerIntegrationTests.testFailureAndRecovery(),1,2,1,3,0.75,0.5,0,0,0.75,0.5,234.9393939,0.006295344,0.75,0.5,1124,0.065286781,0.361793697,0.847222222,5.3125,11,0,0,2.585106383,14,0,4.819444444,45,0.522544307,0.142857143,1,0.066666667,0,0.2,0.02173913,0.177777778,9.333333333,0,0,0.666666667,27.08888889,0,2.066666667,0.044444444,0.022222222,1.088888889,0.333333333,1.666666667,22,0,3,96,7,1,153,13,4.923989992,1698.504973,45,45,45,1,45,1,45,45,34,1,45,45,45,42,45,45,0,0,100.9555556,43.80392157,100.9111111,43.66666667,0,0,100.9777778,43.89215686,0,0,100.9333333,43.71568627,0,0.57122905,0.091480447,0,0.028631285,0,0.108938547,,,,,,,0.160146699,0,0.050122249,0,0.190709046,0,0.312977099,0,1.190839695,,,,0,3.804878049,,75,78,6.4,0,21,1,228,3,0.552062868,1,1,0,0
6,spring-batch,1-SpringBatch,org.springframework.batch.container.jms.BatchMessageListenerContainerIntegrationTests.testFailureAndRecovery(),2,3,3,3,0.75,0.5,0,0,0.75,0.5,234.9393939,0.006295344,0.75,0.5,1124,0.065286781,0.361793697,0.847222222,5.3125,11,0,0,2.585106383,14,0,4.819444444,45,0.522544307,0.142857143,1,0.066666667,0,0.2,0.02173913,0.177777778,9.333333333,0,0,0.666666667,27.08888889,0,2.066666667,0.044444444,0.022222222,1.088888889,0.333333333,1.666666667,22,0,3,96,7,1,153,13,4.923989992,1698.504973,45,45,45,1,45,1,45,45,34,1,45,45,45,42,45,45,0,0,100.9555556,43.80392157,100.9111111,43.66666667,0,0,100.9777778,43.89215686,0,0,100.9333333,43.71568627,0,0.57122905,0.091480447,0,0.028631285,0,0.108938547,,,,,,,0.160146699,0,0.050122249,0,0.190709046,0,0.312977099,0,1.190839695,,,,0,3.804878049,,75,78,6.4,0,21,1,65,1,0.290766208,0,0,1,1
40,spring-batch,1-SpringBatch,org.springframework.batch.container.jms.BatchMessageListenerContainerIntegrationTests.testFailureAndRecovery(),1,2,1,3,0.75,0.5,0,0,0.75,0.5,234.9393939,0.006295344,0.75,0.5,1124,0.065286781,0.361793697,0.847222222,5.3125,11,0,0,2.585106383,14,0,4.819444444,45,0.522544307,0.142857143,1,0.066666667,0,0.2,0.02173913,0.177777778,9.333333333,0,0,0.666666667,27.08888889,0,2.066666667,0.044444444,0.022222222,1.088888889,0.333333333,1.666666667,22,0,3,96,7,1,153,13,4.923989992,1698.504973,45,45,45,1,45,1,45,45,34,1,45,45,45,42,45,45,0,0,100.9555556,43.80392157,100.9111111,43.66666667,0,0,100.9777778,43.89215686,0,0,100.9333333,43.71568627,0,0.57122905,0.091480447,0,0.028631285,0,0.108938547,,,,,,,0.160146699,0,0.050122249,0,0.190709046,0,0.312977099,0,1.190839695,,,,0,3.804878049,,75,78,6.4,0,21,1,36,2,0.61951539,1,0,0,1
45,spring-batch,1-SpringBatch,org.springframework.batch.container.jms.BatchMessageListenerContainerIntegrationTests.testFailureAndRecovery(),1,1,1,3,0.75,0.5,0,0,0.75,0.5,234.9393939,0.006295344,0.75,0.5,1124,0.065286781,0.361793697,0.847222222,5.3125,11,0,0,2.585106383,14,0,4.819444444,45,0.522544307,0.142857143,1,0.066666667,0,0.2,0.02173913,0.177777778,9.333333333,0,0,0.666666667,27.08888889,0,2.066666667,0.044444444,0.022222222,1.088888889,0.333333333,1.666666667,22,0,3,96,7,1,153,13,4.923989992,1698.504973,45,45,45,1,45,1,45,45,34,1,45,45,45,42,45,45,0,0,100.9555556,43.80392157,100.9111111,43.66666667,0,0,100.9777778,43.89215686,0,0,100.9333333,43.71568627,0,0.57122905,0.091480447,0,0.028631285,0,0.108938547,,,,,,,0.160146699,0,0.050122249,0,0.190709046,0,0.312977099,0,1.190839695,,,,0,3.804878049,,75,78,6.4,0,21,1,3,2,0.662737394,1,0,0,1
50,spring-batch,1-SpringBatch,org.springframework.batch.container.jms.BatchMessageListenerContainerIntegrationTests.testFailureAndRecovery(),1,2,2,3,0.75,0.5,0,0,0.75,0.5,234.9393939,0.006295344,0.75,0.5,1124,0.065286781,0.361793697,0.847222222,5.3125,11,0,0,2.585106383,14,0,4.819444444,45,0.522544307,0.142857143,1,0.066666667,0,0.2,0.02173913,0.177777778,9.333333333,0,0,0.666666667,27.08888889,0,2.066666667,0.044444444,0.022222222,1.088888889,0.333333333,1.666666667,22,0,3,96,7,1,153,13,4.923989992,1698.504973,45,45,45,1,45,1,45,45,34,1,45,45,45,42,45,45,0,0,100.9555556,43.80392157,100.9111111,43.66666667,0,0,100.9777778,43.89215686,0,0,100.9333333,43.71568627,0,0.57122905,0.091480447,0,0.028631285,0,0.108938547,,,,,,,0.160146699,0,0.050122249,0,0.190709046,0,0.312977099,0,1.190839695,,,,0,3.804878049,,75,78,6.4,0,21,0,,0,0,0,0,0,0
57,spring-batch,1-SpringBatch,org.springframework.batch.container.jms.BatchMessageListenerContainerIntegrationTests.testFailureAndRecovery(),2,8,2,3,0.75,0.5,0,0,0.75,0.5,234.9393939,0.006295344,0.75,0.5,1124,0.065286781,0.361793697,0.847222222,5.3125,11,0,0,2.585106383,14,0,4.819444444,45,0.522544307,0.142857143,1,0.066666667,0,0.2,0.02173913,0.177777778,9.333333333,0,0,0.666666667,27.08888889,0,2.066666667,0.044444444,0.022222222,1.088888889,0.333333333,1.666666667,22,0,3,96,7,1,153,13,4.923989992,1698.504973,45,45,45,1,45,1,45,45,34,1,45,45,45,42,45,45,0,0,100.9555556,43.80392157,100.9111111,43.66666667,0,0,100.9777778,43.89215686,0,0,100.9333333,43.71568627,0,0.57122905,0.091480447,0,0.028631285,0,0.108938547,,,,,,,0.160146699,0,0.050122249,0,0.190709046,0,0.312977099,0,1.190839695,,,,0,3.804878049,,75,78,6.4,0,21,0,,0,0,0,0,0,0
69,spring-batch,1-SpringBatch,org.springframework.batch.container.jms.BatchMessageListenerContainerIntegrationTests.testFailureAndRecovery(),4,10,2,3,0.75,0.5,0,0,0.75,0.5,234.9393939,0.006295344,0.75,0.5,1124,0.065286781,0.361793697,0.847222222,5.3125,11,0,0,2.585106383,14,0,4.819444444,45,0.522544307,0.142857143,1,0.066666667,0,0.2,0.02173913,0.177777778,9.333333333,0,0,0.666666667,27.08888889,0,2.066666667,0.044444444,0.022222222,1.088888889,0.333333333,1.666666667,22,0,3,96,7,1,153,13,4.923989992,1698.504973,45,45,45,1,45,1,45,45,34,1,45,45,45,42,45,45,0,0,100.9555556,43.80392157,100.9111111,43.66666667,0,0,100.9777778,43.89215686,0,0,100.9333333,43.71568627,0,0.57122905,0.091480447,0,0.028631285,0,0.108938547,,,,,,,0.160146699,0,0.050122249,0,0.190709046,0,0.312977099,0,1.190839695,,,,0,3.804878049,,75,78,6.4,0,21,1,4,3,0.992141454,1,1,0,0
69,spring-batch,1-SpringBatch,org.springframework.batch.container.jms.BatchMessageListenerContainerIntegrationTests.testFailureAndRecovery(),4,10,2,3,0.75,0.5,0,0,0.75,0.5,234.9393939,0.006295344,0.75,0.5,1124,0.065286781,0.361793697,0.847222222,5.3125,11,0,0,2.585106383,14,0,4.819444444,45,0.522544307,0.142857143,1,0.066666667,0,0.2,0.02173913,0.177777778,9.333333333,0,0,0.666666667,27.08888889,0,2.066666667,0.044444444,0.022222222,1.088888889,0.333333333,1.666666667,22,0,3,96,7,1,153,13,4.923989992,1698.504973,45,45,45,1,45,1,45,45,34,1,45,45,45,42,45,45,0,0,100.9555556,43.80392157,100.9111111,43.66666667,0,0,100.9777778,43.89215686,0,0,100.9333333,43.71568627,0,0.57122905,0.091480447,0,0.028631285,0,0.108938547,,,,,,,0.160146699,0,0.050122249,0,0.190709046,0,0.312977099,0,1.190839695,,,,0,3.804878049,,75,78,6.4,0,21,1,4,3,0.992141454,1,1,0,0
4,spring-batch,2-SpringBatch,org.springframework.batch.core.jsr.configuration.xml.JsrBeanDefinitionDocumentReaderTests.testArtifactUniqueness(),1,2,1,2,0.9375,0.9,1,0,0.9375,0.9,621.75,0.024060233,0.9375,0.9,1843,0.048120466,0.314037114,0.98245614,4.686390533,8,0,0,11.39428571,24,0,5.368421053,57,0,1,0,0.322580645,0.290322581,0.612903226,0.043478261,0,8,0,0,0.181818182,59.77272727,0,5.636363636,1.136363636,0,1,0.818181818,3.727272727,22,0,3,87,9,5,182,28,4.595856079,1283.110025,31,22,22,22,1,1,22,31,22,1,22,31,1,22,22,22,0,0,89,25.71111111,89,29.88888889,0,0,88.96774194,25.51111111,0,0,88.58064516,26.61111111,0,0.433948339,0.01402214,0,0.392619926,0,0.095202952,,,,,,,0.032312925,0,0.904761905,0,0.219387755,0,28,0,6.789473684,,,,0,0.242481203,,84,84,1,0,19,1,1150,2,0,1,0,0,1
27,spring-batch,2-SpringBatch,org.springframework.batch.core.jsr.configuration.xml.JsrBeanDefinitionDocumentReaderTests.testArtifactUniqueness(),1,5,5,2,0.9375,0.9,1,0,0.9375,0.9,621.75,0.024060233,0.9375,0.9,1843,0.048120466,0.314037114,0.98245614,4.686390533,8,0,0,11.39428571,24,0,5.368421053,57,0,1,0,0.322580645,0.290322581,0.612903226,0.043478261,0,8,0,0,0.181818182,59.77272727,0,5.636363636,1.136363636,0,1,0.818181818,3.727272727,22,0,3,87,9,5,182,28,4.595856079,1283.110025,31,22,22,22,1,1,22,31,22,1,22,31,1,22,22,22,0,0,89,25.71111111,89,29.88888889,0,0,88.96774194,25.51111111,0,0,88.58064516,26.61111111,0,0.433948339,0.01402214,0,0.392619926,0,0.095202952,,,,,,,0.032312925,0,0.904761905,0,0.219387755,0,28,0,6.789473684,,,,0,0.242481203,,84,84,1,0,19,1,53,2,0.597249509,1,0,0,1
33,spring-batch,2-SpringBatch,org.springframework.batch.core.jsr.configuration.xml.JsrBeanDefinitionDocumentReaderTests.testArtifactUniqueness(),1,4,1,2,0.9375,0.9,1,0,0.9375,0.9,621.75,0.024060233,0.9375,0.9,1843,0.048120466,0.314037114,0.98245614,4.686390533,8,0,0,11.39428571,24,0,5.368421053,57,0,1,0,0.322580645,0.290322581,0.612903226,0.043478261,0,8,0,0,0.181818182,59.77272727,0,5.636363636,1.136363636,0,1,0.818181818,3.727272727,22,0,3,87,9,5,182,28,4.595856079,1283.110025,31,22,22,22,1,1,22,31,22,1,22,31,1,22,22,22,0,0,89,25.71111111,89,29.88888889,0,0,88.96774194,25.51111111,0,0,88.58064516,26.61111111,0,0.433948339,0.01402214,0,0.392619926,0,0.095202952,,,,,,,0.032312925,0,0.904761905,0,0.219387755,0,28,0,6.789473684,,,,0,0.242481203,,84,84,1,0,19,1,12,2,0.650949574,1,0,0,1
34,spring-batch,2-SpringBatch,org.springframework.batch.core.jsr.configuration.xml.JsrBeanDefinitionDocumentReaderTests.testArtifactUniqueness(),1,4,4,2,0.9375,0.9,1,0,0.9375,0.9,621.75,0.024060233,0.9375,0.9,1843,0.048120466,0.314037114,0.98245614,4.686390533,8,0,0,11.39428571,24,0,5.368421053,57,0,1,0,0.322580645,0.290322581,0.612903226,0.043478261,0,8,0,0,0.181818182,59.77272727,0,5.636363636,1.136363636,0,1,0.818181818,3.727272727,22,0,3,87,9,5,182,28,4.595856079,1283.110025,31,22,22,22,1,1,22,31,22,1,22,31,1,22,22,22,0,0,89,25.71111111,89,29.88888889,0,0,88.96774194,25.51111111,0,0,88.58064516,26.61111111,0,0.433948339,0.01402214,0,0.392619926,0,0.095202952,,,,,,,0.032312925,0,0.904761905,0,0.219387755,0,28,0,6.789473684,,,,0,0.242481203,,84,84,1,0,19,1,155,2,0.463654224,1,0,0,1
45,spring-batch,2-SpringBatch,org.springframework.batch.core.jsr.configuration.xml.JsrBeanDefinitionDocumentReaderTests.testArtifactUniqueness(),1,1,1,2,0.9375,0.9,1,0,0.9375,0.9,621.75,0.024060233,0.9375,0.9,1843,0.048120466,0.314037114,0.98245614,4.686390533,8,0,0,11.39428571,24,0,5.368421053,57,0,1,0,0.322580645,0.290322581,0.612903226,0.043478261,0,8,0,0,0.181818182,59.77272727,0,5.636363636,1.136363636,0,1,0.818181818,3.727272727,22,0,3,87,9,5,182,28,4.595856079,1283.110025,31,22,22,22,1,1,22,31,22,1,22,31,1,22,22,22,0,0,89,25.71111111,89,29.88888889,0,0,88.96774194,25.51111111,0,0,88.58064516,26.61111111,0,0.433948339,0.01402214,0,0.392619926,0,0.095202952,,,,,,,0.032312925,0,0.904761905,0,0.219387755,0,28,0,6.789473684,,,,0,0.242481203,,84,84,1,0,19,1,3,2,0.662737394,1,0,0,1
47,spring-batch,2-SpringBatch,org.springframework.batch.core.jsr.configuration.xml.JsrBeanDefinitionDocumentReaderTests.testArtifactUniqueness(),1,4,3,2,0.9375,0.9,1,0,0.9375,0.9,621.75,0.024060233,0.9375,0.9,1843,0.048120466,0.314037114,0.98245614,4.686390533,8,0,0,11.39428571,24,0,5.368421053,57,0,1,0,0.322580645,0.290322581,0.612903226,0.043478261,0,8,0,0,0.181818182,59.77272727,0,5.636363636,1.136363636,0,1,0.818181818,3.727272727,22,0,3,87,9,5,182,28,4.595856079,1283.110025,31,22,22,22,1,1,22,31,22,1,22,31,1,22,22,22,0,0,89,25.71111111,89,29.88888889,0,0,88.96774194,25.51111111,0,0,88.58064516,26.61111111,0,0.433948339,0.01402214,0,0.392619926,0,0.095202952,,,,,,,0.032312925,0,0.904761905,0,0.219387755,0,28,0,6.789473684,,,,0,0.242481203,,84,84,1,0,19,1,24,2,0.635232482,1,0,0,1
55,spring-batch,2-SpringBatch,org.springframework.batch.core.jsr.configuration.xml.JsrBeanDefinitionDocumentReaderTests.testArtifactUniqueness(),2,2,1,2,0.9375,0.9,1,0,0.9375,0.9,621.75,0.024060233,0.9375,0.9,1843,0.048120466,0.314037114,0.98245614,4.686390533,8,0,0,11.39428571,24,0,5.368421053,57,0,1,0,0.322580645,0.290322581,0.612903226,0.043478261,0,8,0,0,0.181818182,59.77272727,0,5.636363636,1.136363636,0,1,0.818181818,3.727272727,22,0,3,87,9,5,182,28,4.595856079,1283.110025,31,22,22,22,1,1,22,31,22,1,22,31,1,22,22,22,0,0,89,25.71111111,89,29.88888889,0,0,88.96774194,25.51111111,0,0,88.58064516,26.61111111,0,0.433948339,0.01402214,0,0.392619926,0,0.095202952,,,,,,,0.032312925,0,0.904761905,0,0.219387755,0,28,0,6.789473684,,,,0,0.242481203,,84,84,1,0,19,1,509,2,0,1,0,0,1
69,spring-batch,2-SpringBatch,org.springframework.batch.core.jsr.configuration.xml.JsrBeanDefinitionDocumentReaderTests.testArtifactUniqueness(),4,10,2,2,0.9375,0.9,1,0,0.9375,0.9,621.75,0.024060233,0.9375,0.9,1843,0.048120466,0.314037114,0.98245614,4.686390533,8,0,0,11.39428571,24,0,5.368421053,57,0,1,0,0.322580645,0.290322581,0.612903226,0.043478261,0,8,0,0,0.181818182,59.77272727,0,5.636363636,1.136363636,0,1,0.818181818,3.727272727,22,0,3,87,9,5,182,28,4.595856079,1283.110025,31,22,22,22,1,1,22,31,22,1,22,31,1,22,22,22,0,0,89,25.71111111,89,29.88888889,0,0,88.96774194,25.51111111,0,0,88.58064516,26.61111111,0,0.433948339,0.01402214,0,0.392619926,0,0.095202952,,,,,,,0.032312925,0,0.904761905,0,0.219387755,0,28,0,6.789473684,,,,0,0.242481203,,84,84,1,0,19,1,120,3,0.764243615,1,1,0,0
69,spring-batch,2-SpringBatch,org.springframework.batch.core.jsr.configuration.xml.JsrBeanDefinitionDocumentReaderTests.testArtifactUniqueness(),4,10,2,2,0.9375,0.9,1,0,0.9375,0.9,621.75,0.024060233,0.9375,0.9,1843,0.048120466,0.314037114,0.98245614,4.686390533,8,0,0,11.39428571,24,0,5.368421053,57,0,1,0,0.322580645,0.290322581,0.612903226,0.043478261,0,8,0,0,0.181818182,59.77272727,0,5.636363636,1.136363636,0,1,0.818181818,3.727272727,22,0,3,87,9,5,182,28,4.595856079,1283.110025,31,22,22,22,1,1,22,31,22,1,22,31,1,22,22,22,0,0,89,25.71111111,89,29.88888889,0,0,88.96774194,25.51111111,0,0,88.58064516,26.61111111,0,0.433948339,0.01402214,0,0.392619926,0,0.095202952,,,,,,,0.032312925,0,0.904761905,0,0.219387755,0,28,0,6.789473684,,,,0,0.242481203,,84,84,1,0,19,1,120,3,0.764243615,1,1,0,0
4,spring-batch,3-SpringBatch,org.springframework.batch.item.database.ExtendedConnectionDataSourceProxyTests.testOperationWithDirectCloseCall(),1,2,1,2,0.75,0,2363,0.010923062,0.833333333,0.25,3635.333333,0.026598577,1,1,7214,0.049229011,0.543387294,0.827338129,3.698275862,12,0.446043165,2,8.671232877,29,100,10.74820144,41,0,1,0,0.310344828,0.1875,0.275862069,0.041666667,0,6.912621359,0,0,0.304347826,41.60869565,0,4.47826087,1.130434783,0,1,0.826086957,2.695652174,33,0,3,89,10,4,105,14,4.7742856,1128.663069,32,29,29,32,1,1,29,29,32,1,29,29,1,28,28,29,91,29.94565217,91,30.76086957,90.9375,30.73913043,0,0,90.96875,30.92391304,0,0,90.84375,30.80434783,0.059869036,0.566884939,0.031805426,0,0.145930776,0,0.110383536,9.46875,0.53125,0,2.4375,0,1.84375,0.056105611,0,0.257425743,0,0.194719472,0,4.588235294,0,3.470588235,,,,0,0.756410256,,33,43,1,0,23,1,99,3,0.805500982,1,1,0,0
27,spring-batch,3-SpringBatch,org.springframework.batch.item.database.ExtendedConnectionDataSourceProxyTests.testOperationWithDirectCloseCall(),1,5,5,2,0.75,0,2363,0.010923062,0.833333333,0.25,3635.333333,0.026598577,1,1,7214,0.049229011,0.543387294,0.827338129,3.698275862,12,0.446043165,2,8.671232877,29,100,10.74820144,41,0,1,0,0.310344828,0.1875,0.275862069,0.041666667,0,6.912621359,0,0,0.304347826,41.60869565,0,4.47826087,1.130434783,0,1,0.826086957,2.695652174,33,0,3,89,10,4,105,14,4.7742856,1128.663069,32,29,29,32,1,1,29,29,32,1,29,29,1,28,28,29,91,29.94565217,91,30.76086957,90.9375,30.73913043,0,0,90.96875,30.92391304,0,0,90.84375,30.80434783,0.059869036,0.566884939,0.031805426,0,0.145930776,0,0.110383536,9.46875,0.53125,0,2.4375,0,1.84375,0.056105611,0,0.257425743,0,0.194719472,0,4.588235294,0,3.470588235,,,,0,0.756410256,,33,43,1,0,23,1,120,1,0.254747872,0,0,1,1
33,spring-batch,3-SpringBatch,org.springframework.batch.item.database.ExtendedConnectionDataSourceProxyTests.testOperationWithDirectCloseCall(),1,4,1,2,0.75,0,2363,0.010923062,0.833333333,0.25,3635.333333,0.026598577,1,1,7214,0.049229011,0.543387294,0.827338129,3.698275862,12,0.446043165,2,8.671232877,29,100,10.74820144,41,0,1,0,0.310344828,0.1875,0.275862069,0.041666667,0,6.912621359,0,0,0.304347826,41.60869565,0,4.47826087,1.130434783,0,1,0.826086957,2.695652174,33,0,3,89,10,4,105,14,4.7742856,1128.663069,32,29,29,32,1,1,29,29,32,1,29,29,1,28,28,29,91,29.94565217,91,30.76086957,90.9375,30.73913043,0,0,90.96875,30.92391304,0,0,90.84375,30.80434783,0.059869036,0.566884939,0.031805426,0,0.145930776,0,0.110383536,9.46875,0.53125,0,2.4375,0,1.84375,0.056105611,0,0.257425743,0,0.194719472,0,4.588235294,0,3.470588235,,,,0,0.756410256,,33,43,1,0,23,1,52,2,0.598559267,1,0,0,1
34,spring-batch,3-SpringBatch,org.springframework.batch.item.database.ExtendedConnectionDataSourceProxyTests.testOperationWithDirectCloseCall(),1,4,4,2,0.75,0,2363,0.010923062,0.833333333,0.25,3635.333333,0.026598577,1,1,7214,0.049229011,0.543387294,0.827338129,3.698275862,12,0.446043165,2,8.671232877,29,100,10.74820144,41,0,1,0,0.310344828,0.1875,0.275862069,0.041666667,0,6.912621359,0,0,0.304347826,41.60869565,0,4.47826087,1.130434783,0,1,0.826086957,2.695652174,33,0,3,89,10,4,105,14,4.7742856,1128.663069,32,29,29,32,1,1,29,29,32,1,29,29,1,28,28,29,91,29.94565217,91,30.76086957,90.9375,30.73913043,0,0,90.96875,30.92391304,0,0,90.84375,30.80434783,0.059869036,0.566884939,0.031805426,0,0.145930776,0,0.110383536,9.46875,0.53125,0,2.4375,0,1.84375,0.056105611,0,0.257425743,0,0.194719472,0,4.588235294,0,3.470588235,,,,0,0.756410256,,33,43,1,0,23,0,,0,0,0,0,0,0
45,spring-batch,3-SpringBatch,org.springframework.batch.item.database.ExtendedConnectionDataSourceProxyTests.testOperationWithDirectCloseCall(),1,1,1,2,0.75,0,2363,0.010923062,0.833333333,0.25,3635.333333,0.026598577,1,1,7214,0.049229011,0.543387294,0.827338129,3.698275862,12,0.446043165,2,8.671232877,29,100,10.74820144,41,0,1,0,0.310344828,0.1875,0.275862069,0.041666667,0,6.912621359,0,0,0.304347826,41.60869565,0,4.47826087,1.130434783,0,1,0.826086957,2.695652174,33,0,3,89,10,4,105,14,4.7742856,1128.663069,32,29,29,32,1,1,29,29,32,1,29,29,1,28,28,29,91,29.94565217,91,30.76086957,90.9375,30.73913043,0,0,90.96875,30.92391304,0,0,90.84375,30.80434783,0.059869036,0.566884939,0.031805426,0,0.145930776,0,0.110383536,9.46875,0.53125,0,2.4375,0,1.84375,0.056105611,0,0.257425743,0,0.194719472,0,4.588235294,0,3.470588235,,,,0,0.756410256,,33,43,1,0,23,1,5,3,0.990176817,1,1,0,0
49,spring-batch,3-SpringBatch,org.springframework.batch.item.database.ExtendedConnectionDataSourceProxyTests.testOperationWithDirectCloseCall(),1,3,1,2,0.75,0,2363,0.010923062,0.833333333,0.25,3635.333333,0.026598577,1,1,7214,0.049229011,0.543387294,0.827338129,3.698275862,12,0.446043165,2,8.671232877,29,100,10.74820144,41,0,1,0,0.310344828,0.1875,0.275862069,0.041666667,0,6.912621359,0,0,0.304347826,41.60869565,0,4.47826087,1.130434783,0,1,0.826086957,2.695652174,33,0,3,89,10,4,105,14,4.7742856,1128.663069,32,29,29,32,1,1,29,29,32,1,29,29,1,28,28,29,91,29.94565217,91,30.76086957,90.9375,30.73913043,0,0,90.96875,30.92391304,0,0,90.84375,30.80434783,0.059869036,0.566884939,0.031805426,0,0.145930776,0,0.110383536,9.46875,0.53125,0,2.4375,0,1.84375,0.056105611,0,0.257425743,0,0.194719472,0,4.588235294,0,3.470588235,,,,0,0.756410256,,33,43,1,0,23,0,,0,0,0,0,0,0
57,spring-batch,3-SpringBatch,org.springframework.batch.item.database.ExtendedConnectionDataSourceProxyTests.testOperationWithDirectCloseCall(),2,8,2,2,0.75,0,2363,0.010923062,0.833333333,0.25,3635.333333,0.026598577,1,1,7214,0.049229011,0.543387294,0.827338129,3.698275862,12,0.446043165,2,8.671232877,29,100,10.74820144,41,0,1,0,0.310344828,0.1875,0.275862069,0.041666667,0,6.912621359,0,0,0.304347826,41.60869565,0,4.47826087,1.130434783,0,1,0.826086957,2.695652174,33,0,3,89,10,4,105,14,4.7742856,1128.663069,32,29,29,32,1,1,29,29,32,1,29,29,1,28,28,29,91,29.94565217,91,30.76086957,90.9375,30.73913043,0,0,90.96875,30.92391304,0,0,90.84375,30.80434783,0.059869036,0.566884939,0.031805426,0,0.145930776,0,0.110383536,9.46875,0.53125,0,2.4375,0,1.84375,0.056105611,0,0.257425743,0,0.194719472,0,4.588235294,0,3.470588235,,,,0,0.756410256,,33,43,1,0,23,0,,0,0,0,0,0,0
69,spring-batch,3-SpringBatch,org.springframework.batch.item.database.ExtendedConnectionDataSourceProxyTests.testOperationWithDirectCloseCall(),4,10,2,2,0.75,0,2363,0.010923062,0.833333333,0.25,3635.333333,0.026598577,1,1,7214,0.049229011,0.543387294,0.827338129,3.698275862,12,0.446043165,2,8.671232877,29,100,10.74820144,41,0,1,0,0.310344828,0.1875,0.275862069,0.041666667,0,6.912621359,0,0,0.304347826,41.60869565,0,4.47826087,1.130434783,0,1,0.826086957,2.695652174,33,0,3,89,10,4,105,14,4.7742856,1128.663069,32,29,29,32,1,1,29,29,32,1,29,29,1,28,28,29,91,29.94565217,91,30.76086957,90.9375,30.73913043,0,0,90.96875,30.92391304,0,0,90.84375,30.80434783,0.059869036,0.566884939,0.031805426,0,0.145930776,0,0.110383536,9.46875,0.53125,0,2.4375,0,1.84375,0.056105611,0,0.257425743,0,0.194719472,0,4.588235294,0,3.470588235,,,,0,0.756410256,,33,43,1,0,23,1,110,1,0.26129666,0,0,1,1
82,spring-batch,3-SpringBatch,org.springframework.batch.item.database.ExtendedConnectionDataSourceProxyTests.testOperationWithDirectCloseCall(),4,10,7,2,0.75,0,2363,0.010923062,0.833333333,0.25,3635.333333,0.026598577,1,1,7214,0.049229011,0.543387294,0.827338129,3.698275862,12,0.446043165,2,8.671232877,29,100,10.74820144,41,0,1,0,0.310344828,0.1875,0.275862069,0.041666667,0,6.912621359,0,0,0.304347826,41.60869565,0,4.47826087,1.130434783,0,1,0.826086957,2.695652174,33,0,3,89,10,4,105,14,4.7742856,1128.663069,32,29,29,32,1,1,29,29,32,1,29,29,1,28,28,29,91,29.94565217,91,30.76086957,90.9375,30.73913043,0,0,90.96875,30.92391304,0,0,90.84375,30.80434783,0.059869036,0.566884939,0.031805426,0,0.145930776,0,0.110383536,9.46875,0.53125,0,2.4375,0,1.84375,0.056105611,0,0.257425743,0,0.194719472,0,4.588235294,0,3.470588235,,,,0,0.756410256,,33,43,1,0,23,1,11,2,0.652259332,1,0,0,1
4,spring-batch,4-SpringBatch,org.springframework.batch.item.file.FlatFileItemReaderTests.testCustomRecordSeparatorMultilineBlankLineAfterEnd(),1,2,1,3,0.875,0,31,0.005374101,0.96875,0.1912625,1208.125,0.005374101,1,0.647575,1843,0.005374101,0.654066205,0.845238095,5.095890411,10,0.178571429,1,1.892156863,10,100,11.75,45,0.427113299,0.226455407,0.707106781,0.060606061,0.235294118,0.060606061,0.038461538,0,8.980769231,0.04,0,0.52,25.28,0,2.08,0.16,0,0.666666667,0.28,1.4,51,0,3,84,7,2,73,7,4.852884667,735.9083149,34,33,33,34,1,33,33,33,31,1,31,1,1,31,33,33,85,32.61627907,85,32.76744186,84.91176471,32.70930233,0,0,84.94117647,32.52325581,0,0,84.85294118,32.8255814,0.03030303,0.561983471,0.097796143,0,0.063360882,0,0.099173554,18.54545455,3.227272727,0,2.090909091,0,3.272727273,0.174019608,0,0.112745098,0,0.176470588,0,0.647887324,0,1.014084507,,,,0,1.565217391,,22,22,3.333333333,0,10,1,53,1,0.298624754,0,0,1,1
6,spring-batch,4-SpringBatch,org.springframework.batch.item.file.FlatFileItemReaderTests.testCustomRecordSeparatorMultilineBlankLineAfterEnd(),2,3,3,3,0.875,0,31,0.005374101,0.96875,0.1912625,1208.125,0.005374101,1,0.647575,1843,0.005374101,0.654066205,0.845238095,5.095890411,10,0.178571429,1,1.892156863,10,100,11.75,45,0.427113299,0.226455407,0.707106781,0.060606061,0.235294118,0.060606061,0.038461538,0,8.980769231,0.04,0,0.52,25.28,0,2.08,0.16,0,0.666666667,0.28,1.4,51,0,3,84,7,2,73,7,4.852884667,735.9083149,34,33,33,34,1,33,33,33,31,1,31,1,1,31,33,33,85,32.61627907,85,32.76744186,84.91176471,32.70930233,0,0,84.94117647,32.52325581,0,0,84.85294118,32.8255814,0.03030303,0.561983471,0.097796143,0,0.063360882,0,0.099173554,18.54545455,3.227272727,0,2.090909091,0,3.272727273,0.174019608,0,0.112745098,0,0.176470588,0,0.647887324,0,1.014084507,,,,0,1.565217391,,22,22,3.333333333,0,10,1,222,1,0.187950229,0,0,1,1
33,spring-batch,4-SpringBatch,org.springframework.batch.item.file.FlatFileItemReaderTests.testCustomRecordSeparatorMultilineBlankLineAfterEnd(),1,4,1,3,0.875,0,31,0.005374101,0.96875,0.1912625,1208.125,0.005374101,1,0.647575,1843,0.005374101,0.654066205,0.845238095,5.095890411,10,0.178571429,1,1.892156863,10,100,11.75,45,0.427113299,0.226455407,0.707106781,0.060606061,0.235294118,0.060606061,0.038461538,0,8.980769231,0.04,0,0.52,25.28,0,2.08,0.16,0,0.666666667,0.28,1.4,51,0,3,84,7,2,73,7,4.852884667,735.9083149,34,33,33,34,1,33,33,33,31,1,31,1,1,31,33,33,85,32.61627907,85,32.76744186,84.91176471,32.70930233,0,0,84.94117647,32.52325581,0,0,84.85294118,32.8255814,0.03030303,0.561983471,0.097796143,0,0.063360882,0,0.099173554,18.54545455,3.227272727,0,2.090909091,0,3.272727273,0.174019608,0,0.112745098,0,0.176470588,0,0.647887324,0,1.014084507,,,,0,1.565217391,,22,22,3.333333333,0,10,1,105,2,0.529142109,1,0,0,1
34,spring-batch,4-SpringBatch,org.springframework.batch.item.file.FlatFileItemReaderTests.testCustomRecordSeparatorMultilineBlankLineAfterEnd(),1,4,4,3,0.875,0,31,0.005374101,0.96875,0.1912625,1208.125,0.005374101,1,0.647575,1843,0.005374101,0.654066205,0.845238095,5.095890411,10,0.178571429,1,1.892156863,10,100,11.75,45,0.427113299,0.226455407,0.707106781,0.060606061,0.235294118,0.060606061,0.038461538,0,8.980769231,0.04,0,0.52,25.28,0,2.08,0.16,0,0.666666667,0.28,1.4,51,0,3,84,7,2,73,7,4.852884667,735.9083149,34,33,33,34,1,33,33,33,31,1,31,1,1,31,33,33,85,32.61627907,85,32.76744186,84.91176471,32.70930233,0,0,84.94117647,32.52325581,0,0,84.85294118,32.8255814,0.03030303,0.561983471,0.097796143,0,0.063360882,0,0.099173554,18.54545455,3.227272727,0,2.090909091,0,3.272727273,0.174019608,0,0.112745098,0,0.176470588,0,0.647887324,0,1.014084507,,,,0,1.565217391,,22,22,3.333333333,0,10,1,291,2,0.285527177,1,0,0,1
45,spring-batch,4-SpringBatch,org.springframework.batch.item.file.FlatFileItemReaderTests.testCustomRecordSeparatorMultilineBlankLineAfterEnd(),1,1,1,3,0.875,0,31,0.005374101,0.96875,0.1912625,1208.125,0.005374101,1,0.647575,1843,0.005374101,0.654066205,0.845238095,5.095890411,10,0.178571429,1,1.892156863,10,100,11.75,45,0.427113299,0.226455407,0.707106781,0.060606061,0.235294118,0.060606061,0.038461538,0,8.980769231,0.04,0,0.52,25.28,0,2.08,0.16,0,0.666666667,0.28,1.4,51,0,3,84,7,2,73,7,4.852884667,735.9083149,34,33,33,34,1,33,33,33,31,1,31,1,1,31,33,33,85,32.61627907,85,32.76744186,84.91176471,32.70930233,0,0,84.94117647,32.52325581,0,0,84.85294118,32.8255814,0.03030303,0.561983471,0.097796143,0,0.063360882,0,0.099173554,18.54545455,3.227272727,0,2.090909091,0,3.272727273,0.174019608,0,0.112745098,0,0.176470588,0,0.647887324,0,1.014084507,,,,0,1.565217391,,22,22,3.333333333,0,10,1,9,2,0.654878847,1,0,0,1
47,spring-batch,4-SpringBatch,org.springframework.batch.item.file.FlatFileItemReaderTests.testCustomRecordSeparatorMultilineBlankLineAfterEnd(),1,4,3,3,0.875,0,31,0.005374101,0.96875,0.1912625,1208.125,0.005374101,1,0.647575,1843,0.005374101,0.654066205,0.845238095,5.095890411,10,0.178571429,1,1.892156863,10,100,11.75,45,0.427113299,0.226455407,0.707106781,0.060606061,0.235294118,0.060606061,0.038461538,0,8.980769231,0.04,0,0.52,25.28,0,2.08,0.16,0,0.666666667,0.28,1.4,51,0,3,84,7,2,73,7,4.852884667,735.9083149,34,33,33,34,1,33,33,33,31,1,31,1,1,31,33,33,85,32.61627907,85,32.76744186,84.91176471,32.70930233,0,0,84.94117647,32.52325581,0,0,84.85294118,32.8255814,0.03030303,0.561983471,0.097796143,0,0.063360882,0,0.099173554,18.54545455,3.227272727,0,2.090909091,0,3.272727273,0.174019608,0,0.112745098,0,0.176470588,0,0.647887324,0,1.014084507,,,,0,1.565217391,,22,22,3.333333333,0,10,1,11,2,0.652259332,1,0,0,1
57,spring-batch,4-SpringBatch,org.springframework.batch.item.file.FlatFileItemReaderTests.testCustomRecordSeparatorMultilineBlankLineAfterEnd(),2,8,2,3,0.875,0,31,0.005374101,0.96875,0.1912625,1208.125,0.005374101,1,0.647575,1843,0.005374101,0.654066205,0.845238095,5.095890411,10,0.178571429,1,1.892156863,10,100,11.75,45,0.427113299,0.226455407,0.707106781,0.060606061,0.235294118,0.060606061,0.038461538,0,8.980769231,0.04,0,0.52,25.28,0,2.08,0.16,0,0.666666667,0.28,1.4,51,0,3,84,7,2,73,7,4.852884667,735.9083149,34,33,33,34,1,33,33,33,31,1,31,1,1,31,33,33,85,32.61627907,85,32.76744186,84.91176471,32.70930233,0,0,84.94117647,32.52325581,0,0,84.85294118,32.8255814,0.03030303,0.561983471,0.097796143,0,0.063360882,0,0.099173554,18.54545455,3.227272727,0,2.090909091,0,3.272727273,0.174019608,0,0.112745098,0,0.176470588,0,0.647887324,0,1.014084507,,,,0,1.565217391,,22,22,3.333333333,0,10,0,,0,0,0,0,0,0
69,spring-batch,4-SpringBatch,org.springframework.batch.item.file.FlatFileItemReaderTests.testCustomRecordSeparatorMultilineBlankLineAfterEnd(),4,10,2,3,0.875,0,31,0.005374101,0.96875,0.1912625,1208.125,0.005374101,1,0.647575,1843,0.005374101,0.654066205,0.845238095,5.095890411,10,0.178571429,1,1.892156863,10,100,11.75,45,0.427113299,0.226455407,0.707106781,0.060606061,0.235294118,0.060606061,0.038461538,0,8.980769231,0.04,0,0.52,25.28,0,2.08,0.16,0,0.666666667,0.28,1.4,51,0,3,84,7,2,73,7,4.852884667,735.9083149,34,33,33,34,1,33,33,33,31,1,31,1,1,31,33,33,85,32.61627907,85,32.76744186,84.91176471,32.70930233,0,0,84.94117647,32.52325581,0,0,84.85294118,32.8255814,0.03030303,0.561983471,0.097796143,0,0.063360882,0,0.099173554,18.54545455,3.227272727,0,2.090909091,0,3.272727273,0.174019608,0,0.112745098,0,0.176470588,0,0.647887324,0,1.014084507,,,,0,1.565217391,,22,22,3.333333333,0,10,1,22,3,0.956777996,1,1,0,0
82,spring-batch,4-SpringBatch,org.springframework.batch.item.file.FlatFileItemReaderTests.testCustomRecordSeparatorMultilineBlankLineAfterEnd(),4,10,7,3,0.875,0,31,0.005374101,0.96875,0.1912625,1208.125,0.005374101,1,0.647575,1843,0.005374101,0.654066205,0.845238095,5.095890411,10,0.178571429,1,1.892156863,10,100,11.75,45,0.427113299,0.226455407,0.707106781,0.060606061,0.235294118,0.060606061,0.038461538,0,8.980769231,0.04,0,0.52,25.28,0,2.08,0.16,0,0.666666667,0.28,1.4,51,0,3,84,7,2,73,7,4.852884667,735.9083149,34,33,33,34,1,33,33,33,31,1,31,1,1,31,33,33,85,32.61627907,85,32.76744186,84.91176471,32.70930233,0,0,84.94117647,32.52325581,0,0,84.85294118,32.8255814,0.03030303,0.561983471,0.097796143,0,0.063360882,0,0.099173554,18.54545455,3.227272727,0,2.090909091,0,3.272727273,0.174019608,0,0.112745098,0,0.176470588,0,0.647887324,0,1.014084507,,,,0,1.565217391,,22,22,3.333333333,0,10,0,,0,0,0,0,0,0
4,spring-batch,5-SpringBatch,org.springframework.batch.item.xml.StaxEventItemWriterTests.initWriterForSimpleCallbackTests(),1,2,1,3,0.5,0.17295,18,0.000101187,0.820833333,0.516135,619.0769231,0.103260322,0.9375,1,2755,0.511819486,0.624509215,0.797979798,5.590361446,10,0.050505051,3,1.959677419,9,100,5.323232323,45,0.693351121,0.414039336,1,0.096774194,0.147058824,0.064516129,0.037037037,0,10.16981132,0,0,0.730769231,28.69230769,0,2.038461538,0,0,0.967741935,0.384615385,1.653846154,32,0,3,66,6,0,89,8,4.984285075,879.0548903,34,30,30,33,1,1,30,30,33,1,30,1,1,30,30,30,0,0,97.97058824,32.47474747,98,32.07070707,0,0,97.94117647,32.88888889,0,0,97.97058824,32.47474747,0,0.526804124,0.089690722,0,0.150515464,0,0.090721649,,,,,,,0.170254403,0,0.285714286,0,0.17221135,0,1.67816092,0,1.011494253,,,,0,0.602739726,,25,27,4,0,13,1,238,2,0.354944335,1,0,0,1
5,spring-batch,5-SpringBatch,org.springframework.batch.item.xml.StaxEventItemWriterTests.initWriterForSimpleCallbackTests(),2,2,2,3,0.5,0.17295,18,0.000101187,0.820833333,0.516135,619.0769231,0.103260322,0.9375,1,2755,0.511819486,0.624509215,0.797979798,5.590361446,10,0.050505051,3,1.959677419,9,100,5.323232323,45,0.693351121,0.414039336,1,0.096774194,0.147058824,0.064516129,0.037037037,0,10.16981132,0,0,0.730769231,28.69230769,0,2.038461538,0,0,0.967741935,0.384615385,1.653846154,32,0,3,66,6,0,89,8,4.984285075,879.0548903,34,30,30,33,1,1,30,30,33,1,30,1,1,30,30,30,0,0,97.97058824,32.47474747,98,32.07070707,0,0,97.94117647,32.88888889,0,0,97.97058824,32.47474747,0,0.526804124,0.089690722,0,0.150515464,0,0.090721649,,,,,,,0.170254403,0,0.285714286,0,0.17221135,0,1.67816092,0,1.011494253,,,,0,0.602739726,,25,27,4,0,13,1,436,1,0.047806156,0,0,1,1
33,spring-batch,5-SpringBatch,org.springframework.batch.item.xml.StaxEventItemWriterTests.initWriterForSimpleCallbackTests(),1,4,1,3,0.5,0.17295,18,0.000101187,0.820833333,0.516135,619.0769231,0.103260322,0.9375,1,2755,0.511819486,0.624509215,0.797979798,5.590361446,10,0.050505051,3,1.959677419,9,100,5.323232323,45,0.693351121,0.414039336,1,0.096774194,0.147058824,0.064516129,0.037037037,0,10.16981132,0,0,0.730769231,28.69230769,0,2.038461538,0,0,0.967741935,0.384615385,1.653846154,32,0,3,66,6,0,89,8,4.984285075,879.0548903,34,30,30,33,1,1,30,30,33,1,30,1,1,30,30,30,0,0,97.97058824,32.47474747,98,32.07070707,0,0,97.94117647,32.88888889,0,0,97.97058824,32.47474747,0,0.526804124,0.089690722,0,0.150515464,0,0.090721649,,,,,,,0.170254403,0,0.285714286,0,0.17221135,0,1.67816092,0,1.011494253,,,,0,0.602739726,,25,27,4,0,13,1,299,1,0.137524558,0,0,1,1
34,spring-batch,5-SpringBatch,org.springframework.batch.item.xml.StaxEventItemWriterTests.initWriterForSimpleCallbackTests(),1,4,4,3,0.5,0.17295,18,0.000101187,0.820833333,0.516135,619.0769231,0.103260322,0.9375,1,2755,0.511819486,0.624509215,0.797979798,5.590361446,10,0.050505051,3,1.959677419,9,100,5.323232323,45,0.693351121,0.414039336,1,0.096774194,0.147058824,0.064516129,0.037037037,0,10.16981132,0,0,0.730769231,28.69230769,0,2.038461538,0,0,0.967741935,0.384615385,1.653846154,32,0,3,66,6,0,89,8,4.984285075,879.0548903,34,30,30,33,1,1,30,30,33,1,30,1,1,30,30,30,0,0,97.97058824,32.47474747,98,32.07070707,0,0,97.94117647,32.88888889,0,0,97.97058824,32.47474747,0,0.526804124,0.089690722,0,0.150515464,0,0.090721649,,,,,,,0.170254403,0,0.285714286,0,0.17221135,0,1.67816092,0,1.011494253,,,,0,0.602739726,,25,27,4,0,13,1,128,1,0.249508841,0,0,1,1
45,spring-batch,5-SpringBatch,org.springframework.batch.item.xml.StaxEventItemWriterTests.initWriterForSimpleCallbackTests(),1,1,1,3,0.5,0.17295,18,0.000101187,0.820833333,0.516135,619.0769231,0.103260322,0.9375,1,2755,0.511819486,0.624509215,0.797979798,5.590361446,10,0.050505051,3,1.959677419,9,100,5.323232323,45,0.693351121,0.414039336,1,0.096774194,0.147058824,0.064516129,0.037037037,0,10.16981132,0,0,0.730769231,28.69230769,0,2.038461538,0,0,0.967741935,0.384615385,1.653846154,32,0,3,66,6,0,89,8,4.984285075,879.0548903,34,30,30,33,1,1,30,30,33,1,30,1,1,30,30,30,0,0,97.97058824,32.47474747,98,32.07070707,0,0,97.94117647,32.88888889,0,0,97.97058824,32.47474747,0,0.526804124,0.089690722,0,0.150515464,0,0.090721649,,,,,,,0.170254403,0,0.285714286,0,0.17221135,0,1.67816092,0,1.011494253,,,,0,0.602739726,,25,27,4,0,13,1,8,1,0.328094303,0,0,1,1
47,spring-batch,5-SpringBatch,org.springframework.batch.item.xml.StaxEventItemWriterTests.initWriterForSimpleCallbackTests(),1,4,3,3,0.5,0.17295,18,0.000101187,0.820833333,0.516135,619.0769231,0.103260322,0.9375,1,2755,0.511819486,0.624509215,0.797979798,5.590361446,10,0.050505051,3,1.959677419,9,100,5.323232323,45,0.693351121,0.414039336,1,0.096774194,0.147058824,0.064516129,0.037037037,0,10.16981132,0,0,0.730769231,28.69230769,0,2.038461538,0,0,0.967741935,0.384615385,1.653846154,32,0,3,66,6,0,89,8,4.984285075,879.0548903,34,30,30,33,1,1,30,30,33,1,30,1,1,30,30,30,0,0,97.97058824,32.47474747,98,32.07070707,0,0,97.94117647,32.88888889,0,0,97.97058824,32.47474747,0,0.526804124,0.089690722,0,0.150515464,0,0.090721649,,,,,,,0.170254403,0,0.285714286,0,0.17221135,0,1.67816092,0,1.011494253,,,,0,0.602739726,,25,27,4,0,13,1,373,1,0.089063523,0,0,1,1
57,spring-batch,5-SpringBatch,org.springframework.batch.item.xml.StaxEventItemWriterTests.initWriterForSimpleCallbackTests(),2,8,2,3,0.5,0.17295,18,0.000101187,0.820833333,0.516135,619.0769231,0.103260322,0.9375,1,2755,0.511819486,0.624509215,0.797979798,5.590361446,10,0.050505051,3,1.959677419,9,100,5.323232323,45,0.693351121,0.414039336,1,0.096774194,0.147058824,0.064516129,0.037037037,0,10.16981132,0,0,0.730769231,28.69230769,0,2.038461538,0,0,0.967741935,0.384615385,1.653846154,32,0,3,66,6,0,89,8,4.984285075,879.0548903,34,30,30,33,1,1,30,30,33,1,30,1,1,30,30,30,0,0,97.97058824,32.47474747,98,32.07070707,0,0,97.94117647,32.88888889,0,0,97.97058824,32.47474747,0,0.526804124,0.089690722,0,0.150515464,0,0.090721649,,,,,,,0.170254403,0,0.285714286,0,0.17221135,0,1.67816092,0,1.011494253,,,,0,0.602739726,,25,27,4,0,13,0,,0,0,0,0,0,0
69,spring-batch,5-SpringBatch,org.springframework.batch.item.xml.StaxEventItemWriterTests.initWriterForSimpleCallbackTests(),4,10,2,3,0.5,0.17295,18,0.000101187,0.820833333,0.516135,619.0769231,0.103260322,0.9375,1,2755,0.511819486,0.624509215,0.797979798,5.590361446,10,0.050505051,3,1.959677419,9,100,5.323232323,45,0.693351121,0.414039336,1,0.096774194,0.147058824,0.064516129,0.037037037,0,10.16981132,0,0,0.730769231,28.69230769,0,2.038461538,0,0,0.967741935,0.384615385,1.653846154,32,0,3,66,6,0,89,8,4.984285075,879.0548903,34,30,30,33,1,1,30,30,33,1,30,1,1,30,30,30,0,0,97.97058824,32.47474747,98,32.07070707,0,0,97.94117647,32.88888889,0,0,97.97058824,32.47474747,0,0.526804124,0.089690722,0,0.150515464,0,0.090721649,,,,,,,0.170254403,0,0.285714286,0,0.17221135,0,1.67816092,0,1.011494253,,,,0,0.602739726,,25,27,4,0,13,0,,0,0,0,0,0,0
81,spring-batch,5-SpringBatch,org.springframework.batch.item.xml.StaxEventItemWriterTests.initWriterForSimpleCallbackTests(),4,7,3,3,0.5,0.17295,18,0.000101187,0.820833333,0.516135,619.0769231,0.103260322,0.9375,1,2755,0.511819486,0.624509215,0.797979798,5.590361446,10,0.050505051,3,1.959677419,9,100,5.323232323,45,0.693351121,0.414039336,1,0.096774194,0.147058824,0.064516129,0.037037037,0,10.16981132,0,0,0.730769231,28.69230769,0,2.038461538,0,0,0.967741935,0.384615385,1.653846154,32,0,3,66,6,0,89,8,4.984285075,879.0548903,34,30,30,33,1,1,30,30,33,1,30,1,1,30,30,30,0,0,97.97058824,32.47474747,98,32.07070707,0,0,97.94117647,32.88888889,0,0,97.97058824,32.47474747,0,0.526804124,0.089690722,0,0.150515464,0,0.090721649,,,,,,,0.170254403,0,0.285714286,0,0.17221135,0,1.67816092,0,1.011494253,,,,0,0.602739726,,25,27,4,0,13,0,,0,0,0,0,0,0
17,MyExpenses,1-MyExpenses,"org.totschnig.myexpenses.activity.MyExpenses.contribFeatureCalled(org.totschnig.myexpenses.model.ContribFeature,java.io.Serializable)",3,5,5,4,0.888888889,0,81,0.101894477,0.984126984,0.425603571,4231.5,0.129986616,1,1,11904,0.150177191,0.3075656,0.831325301,5.210526316,10,0,0,1.713043478,8,0,7.126506024,45,0.371606558,0.175411604,0.74023321,0.23255814,0,0.23255814,0.022727273,0.093023256,8.796116505,0.069767442,8.744186047,0.488372093,37.58139535,0,2.395348837,0.069767442,0.069767442,0.930232558,0.604651163,10.30232558,25,18,3,122,9,4,443,11,4.670659027,1828.019148,43,43,43,1,43,43,41,43,42,1,42,43,43,42,43,1,0,0,121.9767442,41.74796748,121.9534884,41.69105691,121.7209302,41.80487805,122,41.87804878,0,0,121.9069767,41.77235772,0,0.516089109,0.047029703,0.005569307,0.056311881,0,0.100866337,,,,,,,0.091127098,0.010791367,0.10911271,0,0.195443645,0.118421053,1.197368421,0,2.144736842,10.11111111,0,18.11111111,0,1.791208791,,53,81,3,2,27,1,380,2,0.168958743,1,0,0,1
29,MyExpenses,1-MyExpenses,"org.totschnig.myexpenses.activity.MyExpenses.contribFeatureCalled(org.totschnig.myexpenses.model.ContribFeature,java.io.Serializable)",1,4,2,4,0.888888889,0,81,0.101894477,0.984126984,0.425603571,4231.5,0.129986616,1,1,11904,0.150177191,0.3075656,0.831325301,5.210526316,10,0,0,1.713043478,8,0,7.126506024,45,0.371606558,0.175411604,0.74023321,0.23255814,0,0.23255814,0.022727273,0.093023256,8.796116505,0.069767442,8.744186047,0.488372093,37.58139535,0,2.395348837,0.069767442,0.069767442,0.930232558,0.604651163,10.30232558,25,18,3,122,9,4,443,11,4.670659027,1828.019148,43,43,43,1,43,43,41,43,42,1,42,43,43,42,43,1,0,0,121.9767442,41.74796748,121.9534884,41.69105691,121.7209302,41.80487805,122,41.87804878,0,0,121.9069767,41.77235772,0,0.516089109,0.047029703,0.005569307,0.056311881,0,0.100866337,,,,,,,0.091127098,0.010791367,0.10911271,0,0.195443645,0.118421053,1.197368421,0,2.144736842,10.11111111,0,18.11111111,0,1.791208791,,53,81,3,2,27,1,18,2,0.643091028,1,0,0,1
36,MyExpenses,1-MyExpenses,"org.totschnig.myexpenses.activity.MyExpenses.contribFeatureCalled(org.totschnig.myexpenses.model.ContribFeature,java.io.Serializable)",1,2,2,4,0.888888889,0,81,0.101894477,0.984126984,0.425603571,4231.5,0.129986616,1,1,11904,0.150177191,0.3075656,0.831325301,5.210526316,10,0,0,1.713043478,8,0,7.126506024,45,0.371606558,0.175411604,0.74023321,0.23255814,0,0.23255814,0.022727273,0.093023256,8.796116505,0.069767442,8.744186047,0.488372093,37.58139535,0,2.395348837,0.069767442,0.069767442,0.930232558,0.604651163,10.30232558,25,18,3,122,9,4,443,11,4.670659027,1828.019148,43,43,43,1,43,43,41,43,42,1,42,43,43,42,43,1,0,0,121.9767442,41.74796748,121.9534884,41.69105691,121.7209302,41.80487805,122,41.87804878,0,0,121.9069767,41.77235772,0,0.516089109,0.047029703,0.005569307,0.056311881,0,0.100866337,,,,,,,0.091127098,0.010791367,0.10911271,0,0.195443645,0.118421053,1.197368421,0,2.144736842,10.11111111,0,18.11111111,0,1.791208791,,53,81,3,2,27,0,,0,0,0,0,0,0
42,MyExpenses,1-MyExpenses,"org.totschnig.myexpenses.activity.MyExpenses.contribFeatureCalled(org.totschnig.myexpenses.model.ContribFeature,java.io.Serializable)",1,3,2,4,0.888888889,0,81,0.101894477,0.984126984,0.425603571,4231.5,0.129986616,1,1,11904,0.150177191,0.3075656,0.831325301,5.210526316,10,0,0,1.713043478,8,0,7.126506024,45,0.371606558,0.175411604,0.74023321,0.23255814,0,0.23255814,0.022727273,0.093023256,8.796116505,0.069767442,8.744186047,0.488372093,37.58139535,0,2.395348837,0.069767442,0.069767442,0.930232558,0.604651163,10.30232558,25,18,3,122,9,4,443,11,4.670659027,1828.019148,43,43,43,1,43,43,41,43,42,1,42,43,43,42,43,1,0,0,121.9767442,41.74796748,121.9534884,41.69105691,121.7209302,41.80487805,122,41.87804878,0,0,121.9069767,41.77235772,0,0.516089109,0.047029703,0.005569307,0.056311881,0,0.100866337,,,,,,,0.091127098,0.010791367,0.10911271,0,0.195443645,0.118421053,1.197368421,0,2.144736842,10.11111111,0,18.11111111,0,1.791208791,,53,81,3,2,27,0,,0,0,0,0,0,0
46,MyExpenses,1-MyExpenses,"org.totschnig.myexpenses.activity.MyExpenses.contribFeatureCalled(org.totschnig.myexpenses.model.ContribFeature,java.io.Serializable)",3,8,7,4,0.888888889,0,81,0.101894477,0.984126984,0.425603571,4231.5,0.129986616,1,1,11904,0.150177191,0.3075656,0.831325301,5.210526316,10,0,0,1.713043478,8,0,7.126506024,45,0.371606558,0.175411604,0.74023321,0.23255814,0,0.23255814,0.022727273,0.093023256,8.796116505,0.069767442,8.744186047,0.488372093,37.58139535,0,2.395348837,0.069767442,0.069767442,0.930232558,0.604651163,10.30232558,25,18,3,122,9,4,443,11,4.670659027,1828.019148,43,43,43,1,43,43,41,43,42,1,42,43,43,42,43,1,0,0,121.9767442,41.74796748,121.9534884,41.69105691,121.7209302,41.80487805,122,41.87804878,0,0,121.9069767,41.77235772,0,0.516089109,0.047029703,0.005569307,0.056311881,0,0.100866337,,,,,,,0.091127098,0.010791367,0.10911271,0,0.195443645,0.118421053,1.197368421,0,2.144736842,10.11111111,0,18.11111111,0,1.791208791,,53,81,3,2,27,1,64,2,0.582842174,1,0,0,1
49,MyExpenses,1-MyExpenses,"org.totschnig.myexpenses.activity.MyExpenses.contribFeatureCalled(org.totschnig.myexpenses.model.ContribFeature,java.io.Serializable)",1,3,1,4,0.888888889,0,81,0.101894477,0.984126984,0.425603571,4231.5,0.129986616,1,1,11904,0.150177191,0.3075656,0.831325301,5.210526316,10,0,0,1.713043478,8,0,7.126506024,45,0.371606558,0.175411604,0.74023321,0.23255814,0,0.23255814,0.022727273,0.093023256,8.796116505,0.069767442,8.744186047,0.488372093,37.58139535,0,2.395348837,0.069767442,0.069767442,0.930232558,0.604651163,10.30232558,25,18,3,122,9,4,443,11,4.670659027,1828.019148,43,43,43,1,43,43,41,43,42,1,42,43,43,42,43,1,0,0,121.9767442,41.74796748,121.9534884,41.69105691,121.7209302,41.80487805,122,41.87804878,0,0,121.9069767,41.77235772,0,0.516089109,0.047029703,0.005569307,0.056311881,0,0.100866337,,,,,,,0.091127098,0.010791367,0.10911271,0,0.195443645,0.118421053,1.197368421,0,2.144736842,10.11111111,0,18.11111111,0,1.791208791,,53,81,3,2,27,0,,0,0,0,0,0,0
64,MyExpenses,1-MyExpenses,"org.totschnig.myexpenses.activity.MyExpenses.contribFeatureCalled(org.totschnig.myexpenses.model.ContribFeature,java.io.Serializable)",4,3,3,4,0.888888889,0,81,0.101894477,0.984126984,0.425603571,4231.5,0.129986616,1,1,11904,0.150177191,0.3075656,0.831325301,5.210526316,10,0,0,1.713043478,8,0,7.126506024,45,0.371606558,0.175411604,0.74023321,0.23255814,0,0.23255814,0.022727273,0.093023256,8.796116505,0.069767442,8.744186047,0.488372093,37.58139535,0,2.395348837,0.069767442,0.069767442,0.930232558,0.604651163,10.30232558,25,18,3,122,9,4,443,11,4.670659027,1828.019148,43,43,43,1,43,43,41,43,42,1,42,43,43,42,43,1,0,0,121.9767442,41.74796748,121.9534884,41.69105691,121.7209302,41.80487805,122,41.87804878,0,0,121.9069767,41.77235772,0,0.516089109,0.047029703,0.005569307,0.056311881,0,0.100866337,,,,,,,0.091127098,0.010791367,0.10911271,0,0.195443645,0.118421053,1.197368421,0,2.144736842,10.11111111,0,18.11111111,0,1.791208791,,53,81,3,2,27,0,,0,0,0,0,0,0
77,MyExpenses,1-MyExpenses,"org.totschnig.myexpenses.activity.MyExpenses.contribFeatureCalled(org.totschnig.myexpenses.model.ContribFeature,java.io.Serializable)",1,3,3,4,0.888888889,0,81,0.101894477,0.984126984,0.425603571,4231.5,0.129986616,1,1,11904,0.150177191,0.3075656,0.831325301,5.210526316,10,0,0,1.713043478,8,0,7.126506024,45,0.371606558,0.175411604,0.74023321,0.23255814,0,0.23255814,0.022727273,0.093023256,8.796116505,0.069767442,8.744186047,0.488372093,37.58139535,0,2.395348837,0.069767442,0.069767442,0.930232558,0.604651163,10.30232558,25,18,3,122,9,4,443,11,4.670659027,1828.019148,43,43,43,1,43,43,41,43,42,1,42,43,43,42,43,1,0,0,121.9767442,41.74796748,121.9534884,41.69105691,121.7209302,41.80487805,122,41.87804878,0,0,121.9069767,41.77235772,0,0.516089109,0.047029703,0.005569307,0.056311881,0,0.100866337,,,,,,,0.091127098,0.010791367,0.10911271,0,0.195443645,0.118421053,1.197368421,0,2.144736842,10.11111111,0,18.11111111,0,1.791208791,,53,81,3,2,27,1,320,2,0.247544204,1,0,0,1
16,MyExpenses,2-MyExpenses,"org.totschnig.myexpenses.sync.SyncAdapter.getContentProviderOperationsForCreate(org.totschnig.myexpenses.sync.json.TransactionChange,int,int)",2,4,3,4,0.095238095,0,2,0.000619426,0.580906,0.024390244,995,0.269905319,1,1,2295,0.582784008,0.143917128,0.871681416,5.200934579,12,0.066371681,3,5.027272727,27,100,9.292035398,45,0.420971687,0.149071198,0.843274043,0.555555556,0.015625,0.142857143,0.015873016,0.349206349,7.103896104,0.258064516,5.225806452,0.596774194,32.66129032,0,2.483870968,0.129032258,0.111111111,1.333333333,0.725806452,7.758064516,37,10,3,101,7,4,496,19,4.5700694,3163.585151,64,63,63,64,63,57,1,63,61,1,60,62,63,61,62,1,101,62.38235294,100.96875,62.75490196,100.921875,62.54901961,101,62.38235294,0,0,0,0,100.890625,62.80392157,0.03248925,0.526039178,0.056378404,0.001911132,0,0,0.153368371,16.19117647,1.735294118,0.058823529,0,0,4.720588235,0.107175295,0.003633061,0,0,0.291553134,0.033898305,0,0,2.720338983,0,0,80.25,,,,38,39,2.416666667,3,44,1,786,2,0,1,0,0,1
29,MyExpenses,2-MyExpenses,"org.totschnig.myexpenses.sync.SyncAdapter.getContentProviderOperationsForCreate(org.totschnig.myexpenses.sync.json.TransactionChange,int,int)",1,4,2,4,0.095238095,0,2,0.000619426,0.580906,0.024390244,995,0.269905319,1,1,2295,0.582784008,0.143917128,0.871681416,5.200934579,12,0.066371681,3,5.027272727,27,100,9.292035398,45,0.420971687,0.149071198,0.843274043,0.555555556,0.015625,0.142857143,0.015873016,0.349206349,7.103896104,0.258064516,5.225806452,0.596774194,32.66129032,0,2.483870968,0.129032258,0.111111111,1.333333333,0.725806452,7.758064516,37,10,3,101,7,4,496,19,4.5700694,3163.585151,64,63,63,64,63,57,1,63,61,1,60,62,63,61,62,1,101,62.38235294,100.96875,62.75490196,100.921875,62.54901961,101,62.38235294,0,0,0,0,100.890625,62.80392157,0.03248925,0.526039178,0.056378404,0.001911132,0,0,0.153368371,16.19117647,1.735294118,0.058823529,0,0,4.720588235,0.107175295,0.003633061,0,0,0.291553134,0.033898305,0,0,2.720338983,0,0,80.25,,,,38,39,2.416666667,3,44,1,58,2,0.59070072,1,0,0,1
31,MyExpenses,2-MyExpenses,"org.totschnig.myexpenses.sync.SyncAdapter.getContentProviderOperationsForCreate(org.totschnig.myexpenses.sync.json.TransactionChange,int,int)",1,3,2,4,0.095238095,0,2,0.000619426,0.580906,0.024390244,995,0.269905319,1,1,2295,0.582784008,0.143917128,0.871681416,5.200934579,12,0.066371681,3,5.027272727,27,100,9.292035398,45,0.420971687,0.149071198,0.843274043,0.555555556,0.015625,0.142857143,0.015873016,0.349206349,7.103896104,0.258064516,5.225806452,0.596774194,32.66129032,0,2.483870968,0.129032258,0.111111111,1.333333333,0.725806452,7.758064516,37,10,3,101,7,4,496,19,4.5700694,3163.585151,64,63,63,64,63,57,1,63,61,1,60,62,63,61,62,1,101,62.38235294,100.96875,62.75490196,100.921875,62.54901961,101,62.38235294,0,0,0,0,100.890625,62.80392157,0.03248925,0.526039178,0.056378404,0.001911132,0,0,0.153368371,16.19117647,1.735294118,0.058823529,0,0,4.720588235,0.107175295,0.003633061,0,0,0.291553134,0.033898305,0,0,2.720338983,0,0,80.25,,,,38,39,2.416666667,3,44,1,110,1,0.26129666,0,0,1,1
42,MyExpenses,2-MyExpenses,"org.totschnig.myexpenses.sync.SyncAdapter.getContentProviderOperationsForCreate(org.totschnig.myexpenses.sync.json.TransactionChange,int,int)",1,3,2,4,0.095238095,0,2,0.000619426,0.580906,0.024390244,995,0.269905319,1,1,2295,0.582784008,0.143917128,0.871681416,5.200934579,12,0.066371681,3,5.027272727,27,100,9.292035398,45,0.420971687,0.149071198,0.843274043,0.555555556,0.015625,0.142857143,0.015873016,0.349206349,7.103896104,0.258064516,5.225806452,0.596774194,32.66129032,0,2.483870968,0.129032258,0.111111111,1.333333333,0.725806452,7.758064516,37,10,3,101,7,4,496,19,4.5700694,3163.585151,64,63,63,64,63,57,1,63,61,1,60,62,63,61,62,1,101,62.38235294,100.96875,62.75490196,100.921875,62.54901961,101,62.38235294,0,0,0,0,100.890625,62.80392157,0.03248925,0.526039178,0.056378404,0.001911132,0,0,0.153368371,16.19117647,1.735294118,0.058823529,0,0,4.720588235,0.107175295,0.003633061,0,0,0.291553134,0.033898305,0,0,2.720338983,0,0,80.25,,,,38,39,2.416666667,3,44,0,,0,0,0,0,0,0
35,MyExpenses,2-MyExpenses,"org.totschnig.myexpenses.sync.SyncAdapter.getContentProviderOperationsForCreate(org.totschnig.myexpenses.sync.json.TransactionChange,int,int)",1,3,1,4,0.095238095,0,2,0.000619426,0.580906,0.024390244,995,0.269905319,1,1,2295,0.582784008,0.143917128,0.871681416,5.200934579,12,0.066371681,3,5.027272727,27,100,9.292035398,45,0.420971687,0.149071198,0.843274043,0.555555556,0.015625,0.142857143,0.015873016,0.349206349,7.103896104,0.258064516,5.225806452,0.596774194,32.66129032,0,2.483870968,0.129032258,0.111111111,1.333333333,0.725806452,7.758064516,37,10,3,101,7,4,496,19,4.5700694,3163.585151,64,63,63,64,63,57,1,63,61,1,60,62,63,61,62,1,101,62.38235294,100.96875,62.75490196,100.921875,62.54901961,101,62.38235294,0,0,0,0,100.890625,62.80392157,0.03248925,0.526039178,0.056378404,0.001911132,0,0,0.153368371,16.19117647,1.735294118,0.058823529,0,0,4.720588235,0.107175295,0.003633061,0,0,0.291553134,0.033898305,0,0,2.720338983,0,0,80.25,,,,38,39,2.416666667,3,44,0,,0,0,0,0,0,0
48,MyExpenses,2-MyExpenses,"org.totschnig.myexpenses.sync.SyncAdapter.getContentProviderOperationsForCreate(org.totschnig.myexpenses.sync.json.TransactionChange,int,int)",3,6,1,4,0.095238095,0,2,0.000619426,0.580906,0.024390244,995,0.269905319,1,1,2295,0.582784008,0.143917128,0.871681416,5.200934579,12,0.066371681,3,5.027272727,27,100,9.292035398,45,0.420971687,0.149071198,0.843274043,0.555555556,0.015625,0.142857143,0.015873016,0.349206349,7.103896104,0.258064516,5.225806452,0.596774194,32.66129032,0,2.483870968,0.129032258,0.111111111,1.333333333,0.725806452,7.758064516,37,10,3,101,7,4,496,19,4.5700694,3163.585151,64,63,63,64,63,57,1,63,61,1,60,62,63,61,62,1,101,62.38235294,100.96875,62.75490196,100.921875,62.54901961,101,62.38235294,0,0,0,0,100.890625,62.80392157,0.03248925,0.526039178,0.056378404,0.001911132,0,0,0.153368371,16.19117647,1.735294118,0.058823529,0,0,4.720588235,0.107175295,0.003633061,0,0,0.291553134,0.033898305,0,0,2.720338983,0,0,80.25,,,,38,39,2.416666667,3,44,0,,0,0,0,0,0,0
64,MyExpenses,2-MyExpenses,"org.totschnig.myexpenses.sync.SyncAdapter.getContentProviderOperationsForCreate(org.totschnig.myexpenses.sync.json.TransactionChange,int,int)",4,3,3,4,0.095238095,0,2,0.000619426,0.580906,0.024390244,995,0.269905319,1,1,2295,0.582784008,0.143917128,0.871681416,5.200934579,12,0.066371681,3,5.027272727,27,100,9.292035398,45,0.420971687,0.149071198,0.843274043,0.555555556,0.015625,0.142857143,0.015873016,0.349206349,7.103896104,0.258064516,5.225806452,0.596774194,32.66129032,0,2.483870968,0.129032258,0.111111111,1.333333333,0.725806452,7.758064516,37,10,3,101,7,4,496,19,4.5700694,3163.585151,64,63,63,64,63,57,1,63,61,1,60,62,63,61,62,1,101,62.38235294,100.96875,62.75490196,100.921875,62.54901961,101,62.38235294,0,0,0,0,100.890625,62.80392157,0.03248925,0.526039178,0.056378404,0.001911132,0,0,0.153368371,16.19117647,1.735294118,0.058823529,0,0,4.720588235,0.107175295,0.003633061,0,0,0.291553134,0.033898305,0,0,2.720338983,0,0,80.25,,,,38,39,2.416666667,3,44,0,,0,0,0,0,0,0
75,MyExpenses,2-MyExpenses,"org.totschnig.myexpenses.sync.SyncAdapter.getContentProviderOperationsForCreate(org.totschnig.myexpenses.sync.json.TransactionChange,int,int)",1,3,3,4,0.095238095,0,2,0.000619426,0.580906,0.024390244,995,0.269905319,1,1,2295,0.582784008,0.143917128,0.871681416,5.200934579,12,0.066371681,3,5.027272727,27,100,9.292035398,45,0.420971687,0.149071198,0.843274043,0.555555556,0.015625,0.142857143,0.015873016,0.349206349,7.103896104,0.258064516,5.225806452,0.596774194,32.66129032,0,2.483870968,0.129032258,0.111111111,1.333333333,0.725806452,7.758064516,37,10,3,101,7,4,496,19,4.5700694,3163.585151,64,63,63,64,63,57,1,63,61,1,60,62,63,61,62,1,101,62.38235294,100.96875,62.75490196,100.921875,62.54901961,101,62.38235294,0,0,0,0,100.890625,62.80392157,0.03248925,0.526039178,0.056378404,0.001911132,0,0,0.153368371,16.19117647,1.735294118,0.058823529,0,0,4.720588235,0.107175295,0.003633061,0,0,0.291553134,0.033898305,0,0,2.720338983,0,0,80.25,,,,38,39,2.416666667,3,44,0,,0,0,0,0,0,0
16,MyExpenses,3-MyExpenses,"org.totschnig.myexpenses.sync.SyncAdapter.mergeUpdate(org.totschnig.myexpenses.sync.json.TransactionChange,org.totschnig.myexpenses.sync.json.TransactionChange)",2,4,3,4,0.095238095,0,138,0,0.543278149,0,795.3333333,0,1,0,1124,0,0.254719079,0.927777778,4.94011976,11,0,0,5.963114754,29,0,11.48333333,45,0.54229179,0.11785113,0.912870929,0.282608696,0,0.02173913,0.021276596,0.260869565,7.943548387,0.304347826,4.47826087,0.434782609,34.32608696,0,2.695652174,0,0,1.695652174,1,6.195652174,21,6,2,92,8,0,285,25,4.632314601,2155.737006,46,32,46,1,46,32,1,46,32,1,32,1,1,32,32,32,0,0,91.89130435,44.1827957,91.95652174,41.04301075,0,0,92,43.96774194,0,0,91.7173913,44.22580645,0,0.585813806,0.036098797,0,0.047498417,0,0.157061431,,,,,,,0.061621622,0,0.081081081,0,0.268108108,0,1.315789474,0,4.350877193,,,,0,3.306666667,,22,22,2,2,30,1,109,2,0.523903078,1,0,0,1
29,MyExpenses,3-MyExpenses,"org.totschnig.myexpenses.sync.SyncAdapter.mergeUpdate(org.totschnig.myexpenses.sync.json.TransactionChange,org.totschnig.myexpenses.sync.json.TransactionChange)",1,4,2,4,0.095238095,0,138,0,0.543278149,0,795.3333333,0,1,0,1124,0,0.254719079,0.927777778,4.94011976,11,0,0,5.963114754,29,0,11.48333333,45,0.54229179,0.11785113,0.912870929,0.282608696,0,0.02173913,0.021276596,0.260869565,7.943548387,0.304347826,4.47826087,0.434782609,34.32608696,0,2.695652174,0,0,1.695652174,1,6.195652174,21,6,2,92,8,0,285,25,4.632314601,2155.737006,46,32,46,1,46,32,1,46,32,1,32,1,1,32,32,32,0,0,91.89130435,44.1827957,91.95652174,41.04301075,0,0,92,43.96774194,0,0,91.7173913,44.22580645,0,0.585813806,0.036098797,0,0.047498417,0,0.157061431,,,,,,,0.061621622,0,0.081081081,0,0.268108108,0,1.315789474,0,4.350877193,,,,0,3.306666667,,22,22,2,2,30,1,92,2,0.546168959,1,0,0,1
35,MyExpenses,3-MyExpenses,"org.totschnig.myexpenses.sync.SyncAdapter.mergeUpdate(org.totschnig.myexpenses.sync.json.TransactionChange,org.totschnig.myexpenses.sync.json.TransactionChange)",1,3,1,4,0.095238095,0,138,0,0.543278149,0,795.3333333,0,1,0,1124,0,0.254719079,0.927777778,4.94011976,11,0,0,5.963114754,29,0,11.48333333,45,0.54229179,0.11785113,0.912870929,0.282608696,0,0.02173913,0.021276596,0.260869565,7.943548387,0.304347826,4.47826087,0.434782609,34.32608696,0,2.695652174,0,0,1.695652174,1,6.195652174,21,6,2,92,8,0,285,25,4.632314601,2155.737006,46,32,46,1,46,32,1,46,32,1,32,1,1,32,32,32,0,0,91.89130435,44.1827957,91.95652174,41.04301075,0,0,92,43.96774194,0,0,91.7173913,44.22580645,0,0.585813806,0.036098797,0,0.047498417,0,0.157061431,,,,,,,0.061621622,0,0.081081081,0,0.268108108,0,1.315789474,0,4.350877193,,,,0,3.306666667,,22,22,2,2,30,1,62,2,0.58546169,1,0,0,1
42,MyExpenses,3-MyExpenses,"org.totschnig.myexpenses.sync.SyncAdapter.mergeUpdate(org.totschnig.myexpenses.sync.json.TransactionChange,org.totschnig.myexpenses.sync.json.TransactionChange)",1,3,2,4,0.095238095,0,138,0,0.543278149,0,795.3333333,0,1,0,1124,0,0.254719079,0.927777778,4.94011976,11,0,0,5.963114754,29,0,11.48333333,45,0.54229179,0.11785113,0.912870929,0.282608696,0,0.02173913,0.021276596,0.260869565,7.943548387,0.304347826,4.47826087,0.434782609,34.32608696,0,2.695652174,0,0,1.695652174,1,6.195652174,21,6,2,92,8,0,285,25,4.632314601,2155.737006,46,32,46,1,46,32,1,46,32,1,32,1,1,32,32,32,0,0,91.89130435,44.1827957,91.95652174,41.04301075,0,0,92,43.96774194,0,0,91.7173913,44.22580645,0,0.585813806,0.036098797,0,0.047498417,0,0.157061431,,,,,,,0.061621622,0,0.081081081,0,0.268108108,0,1.315789474,0,4.350877193,,,,0,3.306666667,,22,22,2,2,30,1,26,0,0,0,0,1,1
35,MyExpenses,3-MyExpenses,"org.totschnig.myexpenses.sync.SyncAdapter.mergeUpdate(org.totschnig.myexpenses.sync.json.TransactionChange,org.totschnig.myexpenses.sync.json.TransactionChange)",1,3,1,4,0.095238095,0,138,0,0.543278149,0,795.3333333,0,1,0,1124,0,0.254719079,0.927777778,4.94011976,11,0,0,5.963114754,29,0,11.48333333,45,0.54229179,0.11785113,0.912870929,0.282608696,0,0.02173913,0.021276596,0.260869565,7.943548387,0.304347826,4.47826087,0.434782609,34.32608696,0,2.695652174,0,0,1.695652174,1,6.195652174,21,6,2,92,8,0,285,25,4.632314601,2155.737006,46,32,46,1,46,32,1,46,32,1,32,1,1,32,32,32,0,0,91.89130435,44.1827957,91.95652174,41.04301075,0,0,92,43.96774194,0,0,91.7173913,44.22580645,0,0.585813806,0.036098797,0,0.047498417,0,0.157061431,,,,,,,0.061621622,0,0.081081081,0,0.268108108,0,1.315789474,0,4.350877193,,,,0,3.306666667,,22,22,2,2,30,0,,0,0,0,0,0,0
48,MyExpenses,3-MyExpenses,"org.totschnig.myexpenses.sync.SyncAdapter.mergeUpdate(org.totschnig.myexpenses.sync.json.TransactionChange,org.totschnig.myexpenses.sync.json.TransactionChange)",3,6,1,4,0.095238095,0,138,0,0.543278149,0,795.3333333,0,1,0,1124,0,0.254719079,0.927777778,4.94011976,11,0,0,5.963114754,29,0,11.48333333,45,0.54229179,0.11785113,0.912870929,0.282608696,0,0.02173913,0.021276596,0.260869565,7.943548387,0.304347826,4.47826087,0.434782609,34.32608696,0,2.695652174,0,0,1.695652174,1,6.195652174,21,6,2,92,8,0,285,25,4.632314601,2155.737006,46,32,46,1,46,32,1,46,32,1,32,1,1,32,32,32,0,0,91.89130435,44.1827957,91.95652174,41.04301075,0,0,92,43.96774194,0,0,91.7173913,44.22580645,0,0.585813806,0.036098797,0,0.047498417,0,0.157061431,,,,,,,0.061621622,0,0.081081081,0,0.268108108,0,1.315789474,0,4.350877193,,,,0,3.306666667,,22,22,2,2,30,1,8,1,0.328094303,0,0,1,1
64,MyExpenses,3-MyExpenses,"org.totschnig.myexpenses.sync.SyncAdapter.mergeUpdate(org.totschnig.myexpenses.sync.json.TransactionChange,org.totschnig.myexpenses.sync.json.TransactionChange)",4,3,3,4,0.095238095,0,138,0,0.543278149,0,795.3333333,0,1,0,1124,0,0.254719079,0.927777778,4.94011976,11,0,0,5.963114754,29,0,11.48333333,45,0.54229179,0.11785113,0.912870929,0.282608696,0,0.02173913,0.021276596,0.260869565,7.943548387,0.304347826,4.47826087,0.434782609,34.32608696,0,2.695652174,0,0,1.695652174,1,6.195652174,21,6,2,92,8,0,285,25,4.632314601,2155.737006,46,32,46,1,46,32,1,46,32,1,32,1,1,32,32,32,0,0,91.89130435,44.1827957,91.95652174,41.04301075,0,0,92,43.96774194,0,0,91.7173913,44.22580645,0,0.585813806,0.036098797,0,0.047498417,0,0.157061431,,,,,,,0.061621622,0,0.081081081,0,0.268108108,0,1.315789474,0,4.350877193,,,,0,3.306666667,,22,22,2,2,30,1,10,3,0.980353635,1,1,0,0
61,MyExpenses,3-MyExpenses,"org.totschnig.myexpenses.sync.SyncAdapter.mergeUpdate(org.totschnig.myexpenses.sync.json.TransactionChange,org.totschnig.myexpenses.sync.json.TransactionChange)",4,5,2,4,0.095238095,0,138,0,0.543278149,0,795.3333333,0,1,0,1124,0,0.254719079,0.927777778,4.94011976,11,0,0,5.963114754,29,0,11.48333333,45,0.54229179,0.11785113,0.912870929,0.282608696,0,0.02173913,0.021276596,0.260869565,7.943548387,0.304347826,4.47826087,0.434782609,34.32608696,0,2.695652174,0,0,1.695652174,1,6.195652174,21,6,2,92,8,0,285,25,4.632314601,2155.737006,46,32,46,1,46,32,1,46,32,1,32,1,1,32,32,32,0,0,91.89130435,44.1827957,91.95652174,41.04301075,0,0,92,43.96774194,0,0,91.7173913,44.22580645,0,0.585813806,0.036098797,0,0.047498417,0,0.157061431,,,,,,,0.061621622,0,0.081081081,0,0.268108108,0,1.315789474,0,4.350877193,,,,0,3.306666667,,22,22,2,2,30,1,28,3,0.944990177,1,1,0,0
16,MyExpenses,4-MyExpenses,"org.totschnig.myexpenses.util.LazyFontSelector.processChar(char[],int,java.lang.StringBuffer)",2,4,3,5,1,0,0,0,1,0,213.0714286,0.057022413,1,0,2755,0.511819486,0.211272925,0.787234043,5.868613139,12,0,0,3.558139535,11,0,6.035460993,45,0.689483761,0.288675135,1,0.333333333,0,0.155555556,0.02173913,0.266666667,5.196261682,0.177777778,9.777777778,0.555555556,31.11111111,0.044444444,2.377777778,0.155555556,0.133333333,1.022222222,0.488888889,12.13333333,17,16,4,102,8,2,546,13,4.12564463,1884.2981,45,44,45,1,44,45,45,45,44,45,45,45,45,45,45,44,0,0,101.9555556,43.63106796,101.9333333,43.57281553,101.7555556,42.9223301,0,0,102,44,101.8888889,43.47572816,0,0.397142857,0.062142857,0.004285714,0,0.005714286,0.140714286,,,,,,,0.15647482,0.010791367,0,0.014388489,0.354316547,0.068965517,0,0.091954023,2.264367816,0,1.333333333,32.83333333,,,24.625,24,25,5.333333333,3,33,1,631,3,0,1,1,0,0
17,MyExpenses,4-MyExpenses,"org.totschnig.myexpenses.util.LazyFontSelector.processChar(char[],int,java.lang.StringBuffer)",3,5,5,5,1,0,0,0,1,0,213.0714286,0.057022413,1,0,2755,0.511819486,0.211272925,0.787234043,5.868613139,12,0,0,3.558139535,11,0,6.035460993,45,0.689483761,0.288675135,1,0.333333333,0,0.155555556,0.02173913,0.266666667,5.196261682,0.177777778,9.777777778,0.555555556,31.11111111,0.044444444,2.377777778,0.155555556,0.133333333,1.022222222,0.488888889,12.13333333,17,16,4,102,8,2,546,13,4.12564463,1884.2981,45,44,45,1,44,45,45,45,44,45,45,45,45,45,45,44,0,0,101.9555556,43.63106796,101.9333333,43.57281553,101.7555556,42.9223301,0,0,102,44,101.8888889,43.47572816,0,0.397142857,0.062142857,0.004285714,0,0.005714286,0.140714286,,,,,,,0.15647482,0.010791367,0,0.014388489,0.354316547,0.068965517,0,0.091954023,2.264367816,0,1.333333333,32.83333333,,,24.625,24,25,5.333333333,3,33,1,650,2,0,1,0,0,1
36,MyExpenses,4-MyExpenses,"org.totschnig.myexpenses.util.LazyFontSelector.processChar(char[],int,java.lang.StringBuffer)",1,2,2,5,1,0,0,0,1,0,213.0714286,0.057022413,1,0,2755,0.511819486,0.211272925,0.787234043,5.868613139,12,0,0,3.558139535,11,0,6.035460993,45,0.689483761,0.288675135,1,0.333333333,0,0.155555556,0.02173913,0.266666667,5.196261682,0.177777778,9.777777778,0.555555556,31.11111111,0.044444444,2.377777778,0.155555556,0.133333333,1.022222222,0.488888889,12.13333333,17,16,4,102,8,2,546,13,4.12564463,1884.2981,45,44,45,1,44,45,45,45,44,45,45,45,45,45,45,44,0,0,101.9555556,43.63106796,101.9333333,43.57281553,101.7555556,42.9223301,0,0,102,44,101.8888889,43.47572816,0,0.397142857,0.062142857,0.004285714,0,0.005714286,0.140714286,,,,,,,0.15647482,0.010791367,0,0.014388489,0.354316547,0.068965517,0,0.091954023,2.264367816,0,1.333333333,32.83333333,,,24.625,24,25,5.333333333,3,33,1,333,0,0,0,0,1,1
36,MyExpenses,4-MyExpenses,"org.totschnig.myexpenses.util.LazyFontSelector.processChar(char[],int,java.lang.StringBuffer)",1,2,2,5,1,0,0,0,1,0,213.0714286,0.057022413,1,0,2755,0.511819486,0.211272925,0.787234043,5.868613139,12,0,0,3.558139535,11,0,6.035460993,45,0.689483761,0.288675135,1,0.333333333,0,0.155555556,0.02173913,0.266666667,5.196261682,0.177777778,9.777777778,0.555555556,31.11111111,0.044444444,2.377777778,0.155555556,0.133333333,1.022222222,0.488888889,12.13333333,17,16,4,102,8,2,546,13,4.12564463,1884.2981,45,44,45,1,44,45,45,45,44,45,45,45,45,45,45,44,0,0,101.9555556,43.63106796,101.9333333,43.57281553,101.7555556,42.9223301,0,0,102,44,101.8888889,43.47572816,0,0.397142857,0.062142857,0.004285714,0,0.005714286,0.140714286,,,,,,,0.15647482,0.010791367,0,0.014388489,0.354316547,0.068965517,0,0.091954023,2.264367816,0,1.333333333,32.83333333,,,24.625,24,25,5.333333333,3,33,1,333,0,0,0,0,1,1
46,MyExpenses,4-MyExpenses,"org.totschnig.myexpenses.util.LazyFontSelector.processChar(char[],int,java.lang.StringBuffer)",3,8,7,5,1,0,0,0,1,0,213.0714286,0.057022413,1,0,2755,0.511819486,0.211272925,0.787234043,5.868613139,12,0,0,3.558139535,11,0,6.035460993,45,0.689483761,0.288675135,1,0.333333333,0,0.155555556,0.02173913,0.266666667,5.196261682,0.177777778,9.777777778,0.555555556,31.11111111,0.044444444,2.377777778,0.155555556,0.133333333,1.022222222,0.488888889,12.13333333,17,16,4,102,8,2,546,13,4.12564463,1884.2981,45,44,45,1,44,45,45,45,44,45,45,45,45,45,45,44,0,0,101.9555556,43.63106796,101.9333333,43.57281553,101.7555556,42.9223301,0,0,102,44,101.8888889,43.47572816,0,0.397142857,0.062142857,0.004285714,0,0.005714286,0.140714286,,,,,,,0.15647482,0.010791367,0,0.014388489,0.354316547,0.068965517,0,0.091954023,2.264367816,0,1.333333333,32.83333333,,,24.625,24,25,5.333333333,3,33,0,,0,0,0,0,0,0
48,MyExpenses,4-MyExpenses,"org.totschnig.myexpenses.util.LazyFontSelector.processChar(char[],int,java.lang.StringBuffer)",3,6,1,5,1,0,0,0,1,0,213.0714286,0.057022413,1,0,2755,0.511819486,0.211272925,0.787234043,5.868613139,12,0,0,3.558139535,11,0,6.035460993,45,0.689483761,0.288675135,1,0.333333333,0,0.155555556,0.02173913,0.266666667,5.196261682,0.177777778,9.777777778,0.555555556,31.11111111,0.044444444,2.377777778,0.155555556,0.133333333,1.022222222,0.488888889,12.13333333,17,16,4,102,8,2,546,13,4.12564463,1884.2981,45,44,45,1,44,45,45,45,44,45,45,45,45,45,45,44,0,0,101.9555556,43.63106796,101.9333333,43.57281553,101.7555556,42.9223301,0,0,102,44,101.8888889,43.47572816,0,0.397142857,0.062142857,0.004285714,0,0.005714286,0.140714286,,,,,,,0.15647482,0.010791367,0,0.014388489,0.354316547,0.068965517,0,0.091954023,2.264367816,0,1.333333333,32.83333333,,,24.625,24,25,5.333333333,3,33,1,8,2,0.656188605,1,0,0,1
64,MyExpenses,4-MyExpenses,"org.totschnig.myexpenses.util.LazyFontSelector.processChar(char[],int,java.lang.StringBuffer)",4,3,3,5,1,0,0,0,1,0,213.0714286,0.057022413,1,0,2755,0.511819486,0.211272925,0.787234043,5.868613139,12,0,0,3.558139535,11,0,6.035460993,45,0.689483761,0.288675135,1,0.333333333,0,0.155555556,0.02173913,0.266666667,5.196261682,0.177777778,9.777777778,0.555555556,31.11111111,0.044444444,2.377777778,0.155555556,0.133333333,1.022222222,0.488888889,12.13333333,17,16,4,102,8,2,546,13,4.12564463,1884.2981,45,44,45,1,44,45,45,45,44,45,45,45,45,45,45,44,0,0,101.9555556,43.63106796,101.9333333,43.57281553,101.7555556,42.9223301,0,0,102,44,101.8888889,43.47572816,0,0.397142857,0.062142857,0.004285714,0,0.005714286,0.140714286,,,,,,,0.15647482,0.010791367,0,0.014388489,0.354316547,0.068965517,0,0.091954023,2.264367816,0,1.333333333,32.83333333,,,24.625,24,25,5.333333333,3,33,0,,0,0,0,0,0,0
75,MyExpenses,4-MyExpenses,"org.totschnig.myexpenses.util.LazyFontSelector.processChar(char[],int,java.lang.StringBuffer)",1,3,3,5,1,0,0,0,1,0,213.0714286,0.057022413,1,0,2755,0.511819486,0.211272925,0.787234043,5.868613139,12,0,0,3.558139535,11,0,6.035460993,45,0.689483761,0.288675135,1,0.333333333,0,0.155555556,0.02173913,0.266666667,5.196261682,0.177777778,9.777777778,0.555555556,31.11111111,0.044444444,2.377777778,0.155555556,0.133333333,1.022222222,0.488888889,12.13333333,17,16,4,102,8,2,546,13,4.12564463,1884.2981,45,44,45,1,44,45,45,45,44,45,45,45,45,45,45,44,0,0,101.9555556,43.63106796,101.9333333,43.57281553,101.7555556,42.9223301,0,0,102,44,101.8888889,43.47572816,0,0.397142857,0.062142857,0.004285714,0,0.005714286,0.140714286,,,,,,,0.15647482,0.010791367,0,0.014388489,0.354316547,0.068965517,0,0.091954023,2.264367816,0,1.333333333,32.83333333,,,24.625,24,25,5.333333333,3,33,0,,0,0,0,0,0,0
17,MyExpenses,5-MyExpenses,se.emilsjolander.stickylistheaders.StickyListHeadersListView.updateOrClearHeader(int),3,5,5,4,0.75,0,10214,0.167139076,0.95,0,10214,0.167139076,1,0,10214,0.167139076,0.456376851,0.9296875,4.671875,10,0.1015625,2,0.299435028,3,100,12.0859375,45,0.420059672,0.182574186,0.707106781,0.321428571,0.096774194,0,0.038461538,0.321428571,13.39130435,0.16,10.72,0.8,46.52,0,1.84,0.28,0.142857143,0.821428571,0.36,13.64,35,32,3,98,5,1,367,11,4.441450437,974.7751918,31,28,1,31,28,28,28,27,30,1,26,27,28,26,28,28,98,30,97.96774194,29.7979798,98,29.6969697,97.80645161,29.74747475,0,0,0,0,97.90322581,29.81818182,0.137879911,0.457375834,0.065974796,0.005930319,0,0,0.080059303,3.317204301,0.478494624,0.043010753,0,0,0.580645161,0.144246353,0.012965964,0,0,0.175040519,0.08988764,0,0,1.213483146,0,0,13.5,,,,44,46,2.333333333,1,16,1,256,2,0.331368697,1,0,0,1
29,MyExpenses,5-MyExpenses,se.emilsjolander.stickylistheaders.StickyListHeadersListView.updateOrClearHeader(int),1,4,2,4,0.75,0,10214,0.167139076,0.95,0,10214,0.167139076,1,0,10214,0.167139076,0.456376851,0.9296875,4.671875,10,0.1015625,2,0.299435028,3,100,12.0859375,45,0.420059672,0.182574186,0.707106781,0.321428571,0.096774194,0,0.038461538,0.321428571,13.39130435,0.16,10.72,0.8,46.52,0,1.84,0.28,0.142857143,0.821428571,0.36,13.64,35,32,3,98,5,1,367,11,4.441450437,974.7751918,31,28,1,31,28,28,28,27,30,1,26,27,28,26,28,28,98,30,97.96774194,29.7979798,98,29.6969697,97.80645161,29.74747475,0,0,0,0,97.90322581,29.81818182,0.137879911,0.457375834,0.065974796,0.005930319,0,0,0.080059303,3.317204301,0.478494624,0.043010753,0,0,0.580645161,0.144246353,0.012965964,0,0,0.175040519,0.08988764,0,0,1.213483146,0,0,13.5,,,,44,46,2.333333333,1,16,0,,0,0,0,0,0,0
36,MyExpenses,5-MyExpenses,se.emilsjolander.stickylistheaders.StickyListHeadersListView.updateOrClearHeader(int),1,2,2,4,0.75,0,10214,0.167139076,0.95,0,10214,0.167139076,1,0,10214,0.167139076,0.456376851,0.9296875,4.671875,10,0.1015625,2,0.299435028,3,100,12.0859375,45,0.420059672,0.182574186,0.707106781,0.321428571,0.096774194,0,0.038461538,0.321428571,13.39130435,0.16,10.72,0.8,46.52,0,1.84,0.28,0.142857143,0.821428571,0.36,13.64,35,32,3,98,5,1,367,11,4.441450437,974.7751918,31,28,1,31,28,28,28,27,30,1,26,27,28,26,28,28,98,30,97.96774194,29.7979798,98,29.6969697,97.80645161,29.74747475,0,0,0,0,97.90322581,29.81818182,0.137879911,0.457375834,0.065974796,0.005930319,0,0,0.080059303,3.317204301,0.478494624,0.043010753,0,0,0.580645161,0.144246353,0.012965964,0,0,0.175040519,0.08988764,0,0,1.213483146,0,0,13.5,,,,44,46,2.333333333,1,16,1,6,2,0.65880812,1,0,0,1
43,MyExpenses,5-MyExpenses,se.emilsjolander.stickylistheaders.StickyListHeadersListView.updateOrClearHeader(int),1,3,1,4,0.75,0,10214,0.167139076,0.95,0,10214,0.167139076,1,0,10214,0.167139076,0.456376851,0.9296875,4.671875,10,0.1015625,2,0.299435028,3,100,12.0859375,45,0.420059672,0.182574186,0.707106781,0.321428571,0.096774194,0,0.038461538,0.321428571,13.39130435,0.16,10.72,0.8,46.52,0,1.84,0.28,0.142857143,0.821428571,0.36,13.64,35,32,3,98,5,1,367,11,4.441450437,974.7751918,31,28,1,31,28,28,28,27,30,1,26,27,28,26,28,28,98,30,97.96774194,29.7979798,98,29.6969697,97.80645161,29.74747475,0,0,0,0,97.90322581,29.81818182,0.137879911,0.457375834,0.065974796,0.005930319,0,0,0.080059303,3.317204301,0.478494624,0.043010753,0,0,0.580645161,0.144246353,0.012965964,0,0,0.175040519,0.08988764,0,0,1.213483146,0,0,13.5,,,,44,46,2.333333333,1,16,1,485,2,0.031434185,1,0,0,1
46,MyExpenses,5-MyExpenses,se.emilsjolander.stickylistheaders.StickyListHeadersListView.updateOrClearHeader(int),3,8,7,4,0.75,0,10214,0.167139076,0.95,0,10214,0.167139076,1,0,10214,0.167139076,0.456376851,0.9296875,4.671875,10,0.1015625,2,0.299435028,3,100,12.0859375,45,0.420059672,0.182574186,0.707106781,0.321428571,0.096774194,0,0.038461538,0.321428571,13.39130435,0.16,10.72,0.8,46.52,0,1.84,0.28,0.142857143,0.821428571,0.36,13.64,35,32,3,98,5,1,367,11,4.441450437,974.7751918,31,28,1,31,28,28,28,27,30,1,26,27,28,26,28,28,98,30,97.96774194,29.7979798,98,29.6969697,97.80645161,29.74747475,0,0,0,0,97.90322581,29.81818182,0.137879911,0.457375834,0.065974796,0.005930319,0,0,0.080059303,3.317204301,0.478494624,0.043010753,0,0,0.580645161,0.144246353,0.012965964,0,0,0.175040519,0.08988764,0,0,1.213483146,0,0,13.5,,,,44,46,2.333333333,1,16,1,161,2,0.455795678,1,0,0,1
49,MyExpenses,5-MyExpenses,se.emilsjolander.stickylistheaders.StickyListHeadersListView.updateOrClearHeader(int),1,3,1,4,0.75,0,10214,0.167139076,0.95,0,10214,0.167139076,1,0,10214,0.167139076,0.456376851,0.9296875,4.671875,10,0.1015625,2,0.299435028,3,100,12.0859375,45,0.420059672,0.182574186,0.707106781,0.321428571,0.096774194,0,0.038461538,0.321428571,13.39130435,0.16,10.72,0.8,46.52,0,1.84,0.28,0.142857143,0.821428571,0.36,13.64,35,32,3,98,5,1,367,11,4.441450437,974.7751918,31,28,1,31,28,28,28,27,30,1,26,27,28,26,28,28,98,30,97.96774194,29.7979798,98,29.6969697,97.80645161,29.74747475,0,0,0,0,97.90322581,29.81818182,0.137879911,0.457375834,0.065974796,0.005930319,0,0,0.080059303,3.317204301,0.478494624,0.043010753,0,0,0.580645161,0.144246353,0.012965964,0,0,0.175040519,0.08988764,0,0,1.213483146,0,0,13.5,,,,44,46,2.333333333,1,16,1,4,2,0.661427636,1,0,0,1
61,MyExpenses,5-MyExpenses,se.emilsjolander.stickylistheaders.StickyListHeadersListView.updateOrClearHeader(int),4,5,2,4,0.75,0,10214,0.167139076,0.95,0,10214,0.167139076,1,0,10214,0.167139076,0.456376851,0.9296875,4.671875,10,0.1015625,2,0.299435028,3,100,12.0859375,45,0.420059672,0.182574186,0.707106781,0.321428571,0.096774194,0,0.038461538,0.321428571,13.39130435,0.16,10.72,0.8,46.52,0,1.84,0.28,0.142857143,0.821428571,0.36,13.64,35,32,3,98,5,1,367,11,4.441450437,974.7751918,31,28,1,31,28,28,28,27,30,1,26,27,28,26,28,28,98,30,97.96774194,29.7979798,98,29.6969697,97.80645161,29.74747475,0,0,0,0,97.90322581,29.81818182,0.137879911,0.457375834,0.065974796,0.005930319,0,0,0.080059303,3.317204301,0.478494624,0.043010753,0,0,0.580645161,0.144246353,0.012965964,0,0,0.175040519,0.08988764,0,0,1.213483146,0,0,13.5,,,,44,46,2.333333333,1,16,0,,0,0,0,0,0,0
64,MyExpenses,5-MyExpenses,se.emilsjolander.stickylistheaders.StickyListHeadersListView.updateOrClearHeader(int),4,3,3,4,0.75,0,10214,0.167139076,0.95,0,10214,0.167139076,1,0,10214,0.167139076,0.456376851,0.9296875,4.671875,10,0.1015625,2,0.299435028,3,100,12.0859375,45,0.420059672,0.182574186,0.707106781,0.321428571,0.096774194,0,0.038461538,0.321428571,13.39130435,0.16,10.72,0.8,46.52,0,1.84,0.28,0.142857143,0.821428571,0.36,13.64,35,32,3,98,5,1,367,11,4.441450437,974.7751918,31,28,1,31,28,28,28,27,30,1,26,27,28,26,28,28,98,30,97.96774194,29.7979798,98,29.6969697,97.80645161,29.74747475,0,0,0,0,97.90322581,29.81818182,0.137879911,0.457375834,0.065974796,0.005930319,0,0,0.080059303,3.317204301,0.478494624,0.043010753,0,0,0.580645161,0.144246353,0.012965964,0,0,0.175040519,0.08988764,0,0,1.213483146,0,0,13.5,,,,44,46,2.333333333,1,16,1,61,0,0,0,0,1,1
5,weka-dev,1-CheckEstimator,"weka.estimators.CheckEstimator.printAttributeSummary(int,int)",2,2,2,3,1,1,1843,0,1,1,1843,0,1,1,1843,0,0.610178471,0.617647059,4.581395349,9,0.676470588,2,7.255474453,23,100,4.411764706,17,0,1,0,0.272727273,0.081632653,0.136363636,0.130434783,0,5.983870968,0,4.8,0.775,22.7,0,1.55,0,0.25,0.295454545,0.25,6.825,21,6,4,69,3,0,315,22,4.449600678,900.0687368,49,34,44,49,1,1,43,43,47,1,32,1,44,44,43,43,45.18367347,48,68.93877551,47.44285714,68.97959184,47.05714286,0,0,69,47.67142857,0,0,68.32653061,47.51428571,0.189285714,0.261607143,0.108035714,0,0.139285714,0,0.072321429,1.382075472,0.570754717,0,0.735849057,0,0.382075472,0.412969283,0,0.532423208,0,0.276450512,0,1.289256198,0,0.669421488,,,,0,0.519230769,,23,26,2,2,35,1,30,2,0.627373936,1,0,0,1
27,weka-dev,1-CheckEstimator,"weka.estimators.CheckEstimator.printAttributeSummary(int,int)",1,5,5,3,1,1,1843,0,1,1,1843,0,1,1,1843,0,0.610178471,0.617647059,4.581395349,9,0.676470588,2,7.255474453,23,100,4.411764706,17,0,1,0,0.272727273,0.081632653,0.136363636,0.130434783,0,5.983870968,0,4.8,0.775,22.7,0,1.55,0,0.25,0.295454545,0.25,6.825,21,6,4,69,3,0,315,22,4.449600678,900.0687368,49,34,44,49,1,1,43,43,47,1,32,1,44,44,43,43,45.18367347,48,68.93877551,47.44285714,68.97959184,47.05714286,0,0,69,47.67142857,0,0,68.32653061,47.51428571,0.189285714,0.261607143,0.108035714,0,0.139285714,0,0.072321429,1.382075472,0.570754717,0,0.735849057,0,0.382075472,0.412969283,0,0.532423208,0,0.276450512,0,1.289256198,0,0.669421488,,,,0,0.519230769,,23,26,2,2,35,1,22,2,0.637851997,1,0,0,1
26,weka-dev,1-CheckEstimator,"weka.estimators.CheckEstimator.printAttributeSummary(int,int)",1,4,4,3,1,1,1843,0,1,1,1843,0,1,1,1843,0,0.610178471,0.617647059,4.581395349,9,0.676470588,2,7.255474453,23,100,4.411764706,17,0,1,0,0.272727273,0.081632653,0.136363636,0.130434783,0,5.983870968,0,4.8,0.775,22.7,0,1.55,0,0.25,0.295454545,0.25,6.825,21,6,4,69,3,0,315,22,4.449600678,900.0687368,49,34,44,49,1,1,43,43,47,1,32,1,44,44,43,43,45.18367347,48,68.93877551,47.44285714,68.97959184,47.05714286,0,0,69,47.67142857,0,0,68.32653061,47.51428571,0.189285714,0.261607143,0.108035714,0,0.139285714,0,0.072321429,1.382075472,0.570754717,0,0.735849057,0,0.382075472,0.412969283,0,0.532423208,0,0.276450512,0,1.289256198,0,0.669421488,,,,0,0.519230769,,23,26,2,2,35,1,187,3,0.632612967,1,1,0,0
41,weka-dev,1-CheckEstimator,"weka.estimators.CheckEstimator.printAttributeSummary(int,int)",1,2,1,3,1,1,1843,0,1,1,1843,0,1,1,1843,0,0.610178471,0.617647059,4.581395349,9,0.676470588,2,7.255474453,23,100,4.411764706,17,0,1,0,0.272727273,0.081632653,0.136363636,0.130434783,0,5.983870968,0,4.8,0.775,22.7,0,1.55,0,0.25,0.295454545,0.25,6.825,21,6,4,69,3,0,315,22,4.449600678,900.0687368,49,34,44,49,1,1,43,43,47,1,32,1,44,44,43,43,45.18367347,48,68.93877551,47.44285714,68.97959184,47.05714286,0,0,69,47.67142857,0,0,68.32653061,47.51428571,0.189285714,0.261607143,0.108035714,0,0.139285714,0,0.072321429,1.382075472,0.570754717,0,0.735849057,0,0.382075472,0.412969283,0,0.532423208,0,0.276450512,0,1.289256198,0,0.669421488,,,,0,0.519230769,,23,26,2,2,35,1,73,3,0.856581532,1,1,0,0
15,weka-dev,1-CheckEstimator,"weka.estimators.CheckEstimator.printAttributeSummary(int,int)",2,4,4,3,1,1,1843,0,1,1,1843,0,1,1,1843,0,0.610178471,0.617647059,4.581395349,9,0.676470588,2,7.255474453,23,100,4.411764706,17,0,1,0,0.272727273,0.081632653,0.136363636,0.130434783,0,5.983870968,0,4.8,0.775,22.7,0,1.55,0,0.25,0.295454545,0.25,6.825,21,6,4,69,3,0,315,22,4.449600678,900.0687368,49,34,44,49,1,1,43,43,47,1,32,1,44,44,43,43,45.18367347,48,68.93877551,47.44285714,68.97959184,47.05714286,0,0,69,47.67142857,0,0,68.32653061,47.51428571,0.189285714,0.261607143,0.108035714,0,0.139285714,0,0.072321429,1.382075472,0.570754717,0,0.735849057,0,0.382075472,0.412969283,0,0.532423208,0,0.276450512,0,1.289256198,0,0.669421488,,,,0,0.519230769,,23,26,2,2,35,1,12,2,0.650949574,1,0,0,1
50,weka-dev,1-CheckEstimator,"weka.estimators.CheckEstimator.printAttributeSummary(int,int)",1,2,2,3,1,1,1843,0,1,1,1843,0,1,1,1843,0,0.610178471,0.617647059,4.581395349,9,0.676470588,2,7.255474453,23,100,4.411764706,17,0,1,0,0.272727273,0.081632653,0.136363636,0.130434783,0,5.983870968,0,4.8,0.775,22.7,0,1.55,0,0.25,0.295454545,0.25,6.825,21,6,4,69,3,0,315,22,4.449600678,900.0687368,49,34,44,49,1,1,43,43,47,1,32,1,44,44,43,43,45.18367347,48,68.93877551,47.44285714,68.97959184,47.05714286,0,0,69,47.67142857,0,0,68.32653061,47.51428571,0.189285714,0.261607143,0.108035714,0,0.139285714,0,0.072321429,1.382075472,0.570754717,0,0.735849057,0,0.382075472,0.412969283,0,0.532423208,0,0.276450512,0,1.289256198,0,0.669421488,,,,0,0.519230769,,23,26,2,2,35,1,4,2,0.661427636,1,0,0,1
23,weka-dev,1-CheckEstimator,"weka.estimators.CheckEstimator.printAttributeSummary(int,int)",1,2,1,3,1,1,1843,0,1,1,1843,0,1,1,1843,0,0.610178471,0.617647059,4.581395349,9,0.676470588,2,7.255474453,23,100,4.411764706,17,0,1,0,0.272727273,0.081632653,0.136363636,0.130434783,0,5.983870968,0,4.8,0.775,22.7,0,1.55,0,0.25,0.295454545,0.25,6.825,21,6,4,69,3,0,315,22,4.449600678,900.0687368,49,34,44,49,1,1,43,43,47,1,32,1,44,44,43,43,45.18367347,48,68.93877551,47.44285714,68.97959184,47.05714286,0,0,69,47.67142857,0,0,68.32653061,47.51428571,0.189285714,0.261607143,0.108035714,0,0.139285714,0,0.072321429,1.382075472,0.570754717,0,0.735849057,0,0.382075472,0.412969283,0,0.532423208,0,0.276450512,0,1.289256198,0,0.669421488,,,,0,0.519230769,,23,26,2,2,35,1,84,2,0.55664702,1,0,0,1
70,weka-dev,1-CheckEstimator,"weka.estimators.CheckEstimator.printAttributeSummary(int,int)",1,3,2,3,1,1,1843,0,1,1,1843,0,1,1,1843,0,0.610178471,0.617647059,4.581395349,9,0.676470588,2,7.255474453,23,100,4.411764706,17,0,1,0,0.272727273,0.081632653,0.136363636,0.130434783,0,5.983870968,0,4.8,0.775,22.7,0,1.55,0,0.25,0.295454545,0.25,6.825,21,6,4,69,3,0,315,22,4.449600678,900.0687368,49,34,44,49,1,1,43,43,47,1,32,1,44,44,43,43,45.18367347,48,68.93877551,47.44285714,68.97959184,47.05714286,0,0,69,47.67142857,0,0,68.32653061,47.51428571,0.189285714,0.261607143,0.108035714,0,0.139285714,0,0.072321429,1.382075472,0.570754717,0,0.735849057,0,0.382075472,0.412969283,0,0.532423208,0,0.276450512,0,1.289256198,0,0.669421488,,,,0,0.519230769,,23,26,2,2,35,1,57,1,0.296005239,0,0,1,1
82,weka-dev,1-CheckEstimator,"weka.estimators.CheckEstimator.printAttributeSummary(int,int)",4,10,7,3,1,1,1843,0,1,1,1843,0,1,1,1843,0,0.610178471,0.617647059,4.581395349,9,0.676470588,2,7.255474453,23,100,4.411764706,17,0,1,0,0.272727273,0.081632653,0.136363636,0.130434783,0,5.983870968,0,4.8,0.775,22.7,0,1.55,0,0.25,0.295454545,0.25,6.825,21,6,4,69,3,0,315,22,4.449600678,900.0687368,49,34,44,49,1,1,43,43,47,1,32,1,44,44,43,43,45.18367347,48,68.93877551,47.44285714,68.97959184,47.05714286,0,0,69,47.67142857,0,0,68.32653061,47.51428571,0.189285714,0.261607143,0.108035714,0,0.139285714,0,0.072321429,1.382075472,0.570754717,0,0.735849057,0,0.382075472,0.412969283,0,0.532423208,0,0.276450512,0,1.289256198,0,0.669421488,,,,0,0.519230769,,23,26,2,2,35,1,32,2,0.62475442,1,0,0,1
6,weka-dev,1-EstimatorUtils,"weka.estimators.EstimatorUtils.getMinMax(weka.core.Instances,int,double[])",2,3,3,5,0.75,0.647575,68,0.017835968,0.75,0.9647575,231,0.017835968,0.75,1,388,0.017835968,0.410259813,0.824427481,4.227272727,10,0.564885496,2,3.393782383,20,98.89,5.061068702,37,0.539005943,0.11785113,0.9258201,0.325,0.04,0.075,0.208333333,0.15,7.452380952,0.157894737,6.578947368,0.578947368,31.68421053,0.078947368,2.210526316,0.105263158,0.1,1,0.473684211,8.684210526,18,14,5,78,7,1,417,13,4.417239428,1468.465367,50,39,40,50,40,40,40,40,49,40,40,40,40,40,40,40,76.78,49,79.94,48.82716049,79.92,48.67901235,79.76,48.80246914,80,49,0,0,79.84,48.79012346,0.25862069,0.365147783,0.053571429,0.001231527,0.026477833,0,0.094827586,1.411904762,0.207142857,0.004761905,0.102380952,0,0.366666667,0.146711636,0.003372681,0.072512648,0,0.259696459,0.022988506,0.494252874,0,1.770114943,21.5,0,77,0,3.581395349,,84,103,3.8,3,25,0,,0,0,0,0,0,0
5,weka-dev,1-EstimatorUtils,"weka.estimators.EstimatorUtils.getMinMax(weka.core.Instances,int,double[])",2,2,2,5,0.75,0.647575,68,0.017835968,0.75,0.9647575,231,0.017835968,0.75,1,388,0.017835968,0.410259813,0.824427481,4.227272727,10,0.564885496,2,3.393782383,20,98.89,5.061068702,37,0.539005943,0.11785113,0.9258201,0.325,0.04,0.075,0.208333333,0.15,7.452380952,0.157894737,6.578947368,0.578947368,31.68421053,0.078947368,2.210526316,0.105263158,0.1,1,0.473684211,8.684210526,18,14,5,78,7,1,417,13,4.417239428,1468.465367,50,39,40,50,40,40,40,40,49,40,40,40,40,40,40,40,76.78,49,79.94,48.82716049,79.92,48.67901235,79.76,48.80246914,80,49,0,0,79.84,48.79012346,0.25862069,0.365147783,0.053571429,0.001231527,0.026477833,0,0.094827586,1.411904762,0.207142857,0.004761905,0.102380952,0,0.366666667,0.146711636,0.003372681,0.072512648,0,0.259696459,0.022988506,0.494252874,0,1.770114943,21.5,0,77,0,3.581395349,,84,103,3.8,3,25,1,103,2,0.531761624,1,0,0,1
26,weka-dev,1-EstimatorUtils,"weka.estimators.EstimatorUtils.getMinMax(weka.core.Instances,int,double[])",1,4,4,5,0.75,0.647575,68,0.017835968,0.75,0.9647575,231,0.017835968,0.75,1,388,0.017835968,0.410259813,0.824427481,4.227272727,10,0.564885496,2,3.393782383,20,98.89,5.061068702,37,0.539005943,0.11785113,0.9258201,0.325,0.04,0.075,0.208333333,0.15,7.452380952,0.157894737,6.578947368,0.578947368,31.68421053,0.078947368,2.210526316,0.105263158,0.1,1,0.473684211,8.684210526,18,14,5,78,7,1,417,13,4.417239428,1468.465367,50,39,40,50,40,40,40,40,49,40,40,40,40,40,40,40,76.78,49,79.94,48.82716049,79.92,48.67901235,79.76,48.80246914,80,49,0,0,79.84,48.79012346,0.25862069,0.365147783,0.053571429,0.001231527,0.026477833,0,0.094827586,1.411904762,0.207142857,0.004761905,0.102380952,0,0.366666667,0.146711636,0.003372681,0.072512648,0,0.259696459,0.022988506,0.494252874,0,1.770114943,21.5,0,77,0,3.581395349,,84,103,3.8,3,25,1,3,1,0.331368697,0,0,1,1
41,weka-dev,1-EstimatorUtils,"weka.estimators.EstimatorUtils.getMinMax(weka.core.Instances,int,double[])",1,2,1,5,0.75,0.647575,68,0.017835968,0.75,0.9647575,231,0.017835968,0.75,1,388,0.017835968,0.410259813,0.824427481,4.227272727,10,0.564885496,2,3.393782383,20,98.89,5.061068702,37,0.539005943,0.11785113,0.9258201,0.325,0.04,0.075,0.208333333,0.15,7.452380952,0.157894737,6.578947368,0.578947368,31.68421053,0.078947368,2.210526316,0.105263158,0.1,1,0.473684211,8.684210526,18,14,5,78,7,1,417,13,4.417239428,1468.465367,50,39,40,50,40,40,40,40,49,40,40,40,40,40,40,40,76.78,49,79.94,48.82716049,79.92,48.67901235,79.76,48.80246914,80,49,0,0,79.84,48.79012346,0.25862069,0.365147783,0.053571429,0.001231527,0.026477833,0,0.094827586,1.411904762,0.207142857,0.004761905,0.102380952,0,0.366666667,0.146711636,0.003372681,0.072512648,0,0.259696459,0.022988506,0.494252874,0,1.770114943,21.5,0,77,0,3.581395349,,84,103,3.8,3,25,0,,0,0,0,0,0,0
15,weka-dev,1-EstimatorUtils,"weka.estimators.EstimatorUtils.getMinMax(weka.core.Instances,int,double[])",2,4,4,5,0.75,0.647575,68,0.017835968,0.75,0.9647575,231,0.017835968,0.75,1,388,0.017835968,0.410259813,0.824427481,4.227272727,10,0.564885496,2,3.393782383,20,98.89,5.061068702,37,0.539005943,0.11785113,0.9258201,0.325,0.04,0.075,0.208333333,0.15,7.452380952,0.157894737,6.578947368,0.578947368,31.68421053,0.078947368,2.210526316,0.105263158,0.1,1,0.473684211,8.684210526,18,14,5,78,7,1,417,13,4.417239428,1468.465367,50,39,40,50,40,40,40,40,49,40,40,40,40,40,40,40,76.78,49,79.94,48.82716049,79.92,48.67901235,79.76,48.80246914,80,49,0,0,79.84,48.79012346,0.25862069,0.365147783,0.053571429,0.001231527,0.026477833,0,0.094827586,1.411904762,0.207142857,0.004761905,0.102380952,0,0.366666667,0.146711636,0.003372681,0.072512648,0,0.259696459,0.022988506,0.494252874,0,1.770114943,21.5,0,77,0,3.581395349,,84,103,3.8,3,25,1,310,1,0.130320891,0,0,1,1
50,weka-dev,1-EstimatorUtils,"weka.estimators.EstimatorUtils.getMinMax(weka.core.Instances,int,double[])",1,2,2,5,0.75,0.647575,68,0.017835968,0.75,0.9647575,231,0.017835968,0.75,1,388,0.017835968,0.410259813,0.824427481,4.227272727,10,0.564885496,2,3.393782383,20,98.89,5.061068702,37,0.539005943,0.11785113,0.9258201,0.325,0.04,0.075,0.208333333,0.15,7.452380952,0.157894737,6.578947368,0.578947368,31.68421053,0.078947368,2.210526316,0.105263158,0.1,1,0.473684211,8.684210526,18,14,5,78,7,1,417,13,4.417239428,1468.465367,50,39,40,50,40,40,40,40,49,40,40,40,40,40,40,40,76.78,49,79.94,48.82716049,79.92,48.67901235,79.76,48.80246914,80,49,0,0,79.84,48.79012346,0.25862069,0.365147783,0.053571429,0.001231527,0.026477833,0,0.094827586,1.411904762,0.207142857,0.004761905,0.102380952,0,0.366666667,0.146711636,0.003372681,0.072512648,0,0.259696459,0.022988506,0.494252874,0,1.770114943,21.5,0,77,0,3.581395349,,84,103,3.8,3,25,1,5,3,0.990176817,1,1,0,0
23,weka-dev,1-EstimatorUtils,"weka.estimators.EstimatorUtils.getMinMax(weka.core.Instances,int,double[])",1,2,1,5,0.75,0.647575,68,0.017835968,0.75,0.9647575,231,0.017835968,0.75,1,388,0.017835968,0.410259813,0.824427481,4.227272727,10,0.564885496,2,3.393782383,20,98.89,5.061068702,37,0.539005943,0.11785113,0.9258201,0.325,0.04,0.075,0.208333333,0.15,7.452380952,0.157894737,6.578947368,0.578947368,31.68421053,0.078947368,2.210526316,0.105263158,0.1,1,0.473684211,8.684210526,18,14,5,78,7,1,417,13,4.417239428,1468.465367,50,39,40,50,40,40,40,40,49,40,40,40,40,40,40,40,76.78,49,79.94,48.82716049,79.92,48.67901235,79.76,48.80246914,80,49,0,0,79.84,48.79012346,0.25862069,0.365147783,0.053571429,0.001231527,0.026477833,0,0.094827586,1.411904762,0.207142857,0.004761905,0.102380952,0,0.366666667,0.146711636,0.003372681,0.072512648,0,0.259696459,0.022988506,0.494252874,0,1.770114943,21.5,0,77,0,3.581395349,,84,103,3.8,3,25,1,136,2,0.48853962,1,0,0,1
70,weka-dev,1-EstimatorUtils,"weka.estimators.EstimatorUtils.getMinMax(weka.core.Instances,int,double[])",1,3,2,5,0.75,0.647575,68,0.017835968,0.75,0.9647575,231,0.017835968,0.75,1,388,0.017835968,0.410259813,0.824427481,4.227272727,10,0.564885496,2,3.393782383,20,98.89,5.061068702,37,0.539005943,0.11785113,0.9258201,0.325,0.04,0.075,0.208333333,0.15,7.452380952,0.157894737,6.578947368,0.578947368,31.68421053,0.078947368,2.210526316,0.105263158,0.1,1,0.473684211,8.684210526,18,14,5,78,7,1,417,13,4.417239428,1468.465367,50,39,40,50,40,40,40,40,49,40,40,40,40,40,40,40,76.78,49,79.94,48.82716049,79.92,48.67901235,79.76,48.80246914,80,49,0,0,79.84,48.79012346,0.25862069,0.365147783,0.053571429,0.001231527,0.026477833,0,0.094827586,1.411904762,0.207142857,0.004761905,0.102380952,0,0.366666667,0.146711636,0.003372681,0.072512648,0,0.259696459,0.022988506,0.494252874,0,1.770114943,21.5,0,77,0,3.581395349,,84,103,3.8,3,25,1,21,0,0,0,0,1,1
82,weka-dev,1-EstimatorUtils,"weka.estimators.EstimatorUtils.getMinMax(weka.core.Instances,int,double[])",4,10,7,5,0.75,0.647575,68,0.017835968,0.75,0.9647575,231,0.017835968,0.75,1,388,0.017835968,0.410259813,0.824427481,4.227272727,10,0.564885496,2,3.393782383,20,98.89,5.061068702,37,0.539005943,0.11785113,0.9258201,0.325,0.04,0.075,0.208333333,0.15,7.452380952,0.157894737,6.578947368,0.578947368,31.68421053,0.078947368,2.210526316,0.105263158,0.1,1,0.473684211,8.684210526,18,14,5,78,7,1,417,13,4.417239428,1468.465367,50,39,40,50,40,40,40,40,49,40,40,40,40,40,40,40,76.78,49,79.94,48.82716049,79.92,48.67901235,79.76,48.80246914,80,49,0,0,79.84,48.79012346,0.25862069,0.365147783,0.053571429,0.001231527,0.026477833,0,0.094827586,1.411904762,0.207142857,0.004761905,0.102380952,0,0.366666667,0.146711636,0.003372681,0.072512648,0,0.259696459,0.022988506,0.494252874,0,1.770114943,21.5,0,77,0,3.581395349,,84,103,3.8,3,25,1,20,3,0.960707269,1,1,0,0
5,weka-dev,1-ClassifierPerformanceEvaluatorCustomizer,weka.gui.beans.ClassifierPerformanceEvaluatorCustomizer.addButtons(),2,2,2,4,0.5,0,6,0.004619633,0.715277778,0.666666667,4809.25,0.022029456,0.833333333,1,9035,0.03482122,0.143728152,0.796992481,4.875968992,11,0,0,1.414893617,18,0,5.338345865,45,0.399169414,0.144337567,1,0.186046512,0.11627907,0.11627907,0.025641026,0.093023256,8.666666667,0.105263158,6.842105263,0.5,31.21052632,0.026315789,1.973684211,0.131578947,0.023255814,0.953488372,0.421052632,8.473684211,40,14,2,67,6,2,322,10,4.548492167,1381.373544,43,42,43,42,43,43,43,43,43,43,43,43,43,41,43,43,0,0,67,41.79411765,66.97674419,41.64705882,66.13953488,41.70588235,66.90697674,41.69117647,0,0,66.90697674,41.42647059,0,0.543844857,0.056492411,0.001686341,0.012647555,0,0.113827993,,,,,,,0.103875969,0.003100775,0.023255814,0,0.209302326,0.029850746,0.223880597,0,2.014925373,7.5,0,67.5,0,9,,34,46,4.25,0,22,1,34,3,0.933202358,1,1,0,0
6,weka-dev,1-ClassifierPerformanceEvaluatorCustomizer,weka.gui.beans.ClassifierPerformanceEvaluatorCustomizer.addButtons(),2,3,3,4,0.5,0,6,0.004619633,0.715277778,0.666666667,4809.25,0.022029456,0.833333333,1,9035,0.03482122,0.143728152,0.796992481,4.875968992,11,0,0,1.414893617,18,0,5.338345865,45,0.399169414,0.144337567,1,0.186046512,0.11627907,0.11627907,0.025641026,0.093023256,8.666666667,0.105263158,6.842105263,0.5,31.21052632,0.026315789,1.973684211,0.131578947,0.023255814,0.953488372,0.421052632,8.473684211,40,14,2,67,6,2,322,10,4.548492167,1381.373544,43,42,43,42,43,43,43,43,43,43,43,43,43,41,43,43,0,0,67,41.79411765,66.97674419,41.64705882,66.13953488,41.70588235,66.90697674,41.69117647,0,0,66.90697674,41.42647059,0,0.543844857,0.056492411,0.001686341,0.012647555,0,0.113827993,,,,,,,0.103875969,0.003100775,0.023255814,0,0.209302326,0.029850746,0.223880597,0,2.014925373,7.5,0,67.5,0,9,,34,46,4.25,0,22,1,23,1,0.31827112,0,0,1,1
4,weka-dev,1-ClassifierPerformanceEvaluatorCustomizer,weka.gui.beans.ClassifierPerformanceEvaluatorCustomizer.addButtons(),1,2,1,4,0.5,0,6,0.004619633,0.715277778,0.666666667,4809.25,0.022029456,0.833333333,1,9035,0.03482122,0.143728152,0.796992481,4.875968992,11,0,0,1.414893617,18,0,5.338345865,45,0.399169414,0.144337567,1,0.186046512,0.11627907,0.11627907,0.025641026,0.093023256,8.666666667,0.105263158,6.842105263,0.5,31.21052632,0.026315789,1.973684211,0.131578947,0.023255814,0.953488372,0.421052632,8.473684211,40,14,2,67,6,2,322,10,4.548492167,1381.373544,43,42,43,42,43,43,43,43,43,43,43,43,43,41,43,43,0,0,67,41.79411765,66.97674419,41.64705882,66.13953488,41.70588235,66.90697674,41.69117647,0,0,66.90697674,41.42647059,0,0.543844857,0.056492411,0.001686341,0.012647555,0,0.113827993,,,,,,,0.103875969,0.003100775,0.023255814,0,0.209302326,0.029850746,0.223880597,0,2.014925373,7.5,0,67.5,0,9,,34,46,4.25,0,22,1,408,2,0.132285527,1,0,0,1
41,weka-dev,1-ClassifierPerformanceEvaluatorCustomizer,weka.gui.beans.ClassifierPerformanceEvaluatorCustomizer.addButtons(),1,2,1,4,0.5,0,6,0.004619633,0.715277778,0.666666667,4809.25,0.022029456,0.833333333,1,9035,0.03482122,0.143728152,0.796992481,4.875968992,11,0,0,1.414893617,18,0,5.338345865,45,0.399169414,0.144337567,1,0.186046512,0.11627907,0.11627907,0.025641026,0.093023256,8.666666667,0.105263158,6.842105263,0.5,31.21052632,0.026315789,1.973684211,0.131578947,0.023255814,0.953488372,0.421052632,8.473684211,40,14,2,67,6,2,322,10,4.548492167,1381.373544,43,42,43,42,43,43,43,43,43,43,43,43,43,41,43,43,0,0,67,41.79411765,66.97674419,41.64705882,66.13953488,41.70588235,66.90697674,41.69117647,0,0,66.90697674,41.42647059,0,0.543844857,0.056492411,0.001686341,0.012647555,0,0.113827993,,,,,,,0.103875969,0.003100775,0.023255814,0,0.209302326,0.029850746,0.223880597,0,2.014925373,7.5,0,67.5,0,9,,34,46,4.25,0,22,1,87,2,0.552717747,1,0,0,1
15,weka-dev,1-ClassifierPerformanceEvaluatorCustomizer,weka.gui.beans.ClassifierPerformanceEvaluatorCustomizer.addButtons(),2,4,4,4,0.5,0,6,0.004619633,0.715277778,0.666666667,4809.25,0.022029456,0.833333333,1,9035,0.03482122,0.143728152,0.796992481,4.875968992,11,0,0,1.414893617,18,0,5.338345865,45,0.399169414,0.144337567,1,0.186046512,0.11627907,0.11627907,0.025641026,0.093023256,8.666666667,0.105263158,6.842105263,0.5,31.21052632,0.026315789,1.973684211,0.131578947,0.023255814,0.953488372,0.421052632,8.473684211,40,14,2,67,6,2,322,10,4.548492167,1381.373544,43,42,43,42,43,43,43,43,43,43,43,43,43,41,43,43,0,0,67,41.79411765,66.97674419,41.64705882,66.13953488,41.70588235,66.90697674,41.69117647,0,0,66.90697674,41.42647059,0,0.543844857,0.056492411,0.001686341,0.012647555,0,0.113827993,,,,,,,0.103875969,0.003100775,0.023255814,0,0.209302326,0.029850746,0.223880597,0,2.014925373,7.5,0,67.5,0,9,,34,46,4.25,0,22,1,263,3,0.483300589,1,1,0,0
50,weka-dev,1-ClassifierPerformanceEvaluatorCustomizer,weka.gui.beans.ClassifierPerformanceEvaluatorCustomizer.addButtons(),1,2,2,4,0.5,0,6,0.004619633,0.715277778,0.666666667,4809.25,0.022029456,0.833333333,1,9035,0.03482122,0.143728152,0.796992481,4.875968992,11,0,0,1.414893617,18,0,5.338345865,45,0.399169414,0.144337567,1,0.186046512,0.11627907,0.11627907,0.025641026,0.093023256,8.666666667,0.105263158,6.842105263,0.5,31.21052632,0.026315789,1.973684211,0.131578947,0.023255814,0.953488372,0.421052632,8.473684211,40,14,2,67,6,2,322,10,4.548492167,1381.373544,43,42,43,42,43,43,43,43,43,43,43,43,43,41,43,43,0,0,67,41.79411765,66.97674419,41.64705882,66.13953488,41.70588235,66.90697674,41.69117647,0,0,66.90697674,41.42647059,0,0.543844857,0.056492411,0.001686341,0.012647555,0,0.113827993,,,,,,,0.103875969,0.003100775,0.023255814,0,0.209302326,0.029850746,0.223880597,0,2.014925373,7.5,0,67.5,0,9,,34,46,4.25,0,22,1,13,2,0.649639817,1,0,0,1
23,weka-dev,1-ClassifierPerformanceEvaluatorCustomizer,weka.gui.beans.ClassifierPerformanceEvaluatorCustomizer.addButtons(),1,2,1,4,0.5,0,6,0.004619633,0.715277778,0.666666667,4809.25,0.022029456,0.833333333,1,9035,0.03482122,0.143728152,0.796992481,4.875968992,11,0,0,1.414893617,18,0,5.338345865,45,0.399169414,0.144337567,1,0.186046512,0.11627907,0.11627907,0.025641026,0.093023256,8.666666667,0.105263158,6.842105263,0.5,31.21052632,0.026315789,1.973684211,0.131578947,0.023255814,0.953488372,0.421052632,8.473684211,40,14,2,67,6,2,322,10,4.548492167,1381.373544,43,42,43,42,43,43,43,43,43,43,43,43,43,41,43,43,0,0,67,41.79411765,66.97674419,41.64705882,66.13953488,41.70588235,66.90697674,41.69117647,0,0,66.90697674,41.42647059,0,0.543844857,0.056492411,0.001686341,0.012647555,0,0.113827993,,,,,,,0.103875969,0.003100775,0.023255814,0,0.209302326,0.029850746,0.223880597,0,2.014925373,7.5,0,67.5,0,9,,34,46,4.25,0,22,1,167,3,0.671905697,1,1,0,0
70,weka-dev,1-ClassifierPerformanceEvaluatorCustomizer,weka.gui.beans.ClassifierPerformanceEvaluatorCustomizer.addButtons(),1,3,2,4,0.5,0,6,0.004619633,0.715277778,0.666666667,4809.25,0.022029456,0.833333333,1,9035,0.03482122,0.143728152,0.796992481,4.875968992,11,0,0,1.414893617,18,0,5.338345865,45,0.399169414,0.144337567,1,0.186046512,0.11627907,0.11627907,0.025641026,0.093023256,8.666666667,0.105263158,6.842105263,0.5,31.21052632,0.026315789,1.973684211,0.131578947,0.023255814,0.953488372,0.421052632,8.473684211,40,14,2,67,6,2,322,10,4.548492167,1381.373544,43,42,43,42,43,43,43,43,43,43,43,43,43,41,43,43,0,0,67,41.79411765,66.97674419,41.64705882,66.13953488,41.70588235,66.90697674,41.69117647,0,0,66.90697674,41.42647059,0,0.543844857,0.056492411,0.001686341,0.012647555,0,0.113827993,,,,,,,0.103875969,0.003100775,0.023255814,0,0.209302326,0.029850746,0.223880597,0,2.014925373,7.5,0,67.5,0,9,,34,46,4.25,0,22,1,4,3,0.992141454,1,1,0,0
82,weka-dev,1-ClassifierPerformanceEvaluatorCustomizer,weka.gui.beans.ClassifierPerformanceEvaluatorCustomizer.addButtons(),4,10,7,4,0.5,0,6,0.004619633,0.715277778,0.666666667,4809.25,0.022029456,0.833333333,1,9035,0.03482122,0.143728152,0.796992481,4.875968992,11,0,0,1.414893617,18,0,5.338345865,45,0.399169414,0.144337567,1,0.186046512,0.11627907,0.11627907,0.025641026,0.093023256,8.666666667,0.105263158,6.842105263,0.5,31.21052632,0.026315789,1.973684211,0.131578947,0.023255814,0.953488372,0.421052632,8.473684211,40,14,2,67,6,2,322,10,4.548492167,1381.373544,43,42,43,42,43,43,43,43,43,43,43,43,43,41,43,43,0,0,67,41.79411765,66.97674419,41.64705882,66.13953488,41.70588235,66.90697674,41.69117647,0,0,66.90697674,41.42647059,0,0.543844857,0.056492411,0.001686341,0.012647555,0,0.113827993,,,,,,,0.103875969,0.003100775,0.023255814,0,0.209302326,0.029850746,0.223880597,0,2.014925373,7.5,0,67.5,0,9,,34,46,4.25,0,22,1,62,3,0.878192534,1,1,0,0
4,weka-dev,1-ModelPerformanceChart,weka.gui.beans.ModelPerformanceChart.performRequest(java.lang.String),1,2,1,4,1,1,388,0.002920883,1,1,1629.4,0.011801966,1,1,3930,0.017329124,0.463682532,0.769230769,4.658730159,10,0.104895105,1,3.065656566,27,100,7.93006993,45,0.385622152,0.080064077,0.954521404,0.195121951,0.021276596,0.048780488,0.130434783,0.024390244,7.574712644,0.075,7.85,0.45,31.35,0,2.175,0.075,0.024390244,0.87804878,0.65,9.45,24,16,2,69,7,6,412,11,4.596703497,1409.735094,47,41,41,47,41,41,41,41,35,1,41,41,41,41,41,41,68.93617021,46,68.85106383,45.94285714,68.95744681,45.8,69,45.91428571,68.89361702,45.8,0,0,68.65957447,45.91428571,0.139327385,0.400137268,0.046671242,0.004804393,0.065888813,0,0.090597117,2.871921182,0.334975369,0.034482759,0.472906404,0,0.650246305,0.116638079,0.012006861,0.164665523,0,0.226415094,0.102941176,1.411764706,0,1.941176471,13.71428571,0,18.85714286,0,1.375,,44,84,3.4,1,24,1,83,1,0.278978389,0,0,1,1
5,weka-dev,1-ModelPerformanceChart,weka.gui.beans.ModelPerformanceChart.performRequest(java.lang.String),2,2,2,4,1,1,388,0.002920883,1,1,1629.4,0.011801966,1,1,3930,0.017329124,0.463682532,0.769230769,4.658730159,10,0.104895105,1,3.065656566,27,100,7.93006993,45,0.385622152,0.080064077,0.954521404,0.195121951,0.021276596,0.048780488,0.130434783,0.024390244,7.574712644,0.075,7.85,0.45,31.35,0,2.175,0.075,0.024390244,0.87804878,0.65,9.45,24,16,2,69,7,6,412,11,4.596703497,1409.735094,47,41,41,47,41,41,41,41,35,1,41,41,41,41,41,41,68.93617021,46,68.85106383,45.94285714,68.95744681,45.8,69,45.91428571,68.89361702,45.8,0,0,68.65957447,45.91428571,0.139327385,0.400137268,0.046671242,0.004804393,0.065888813,0,0.090597117,2.871921182,0.334975369,0.034482759,0.472906404,0,0.650246305,0.116638079,0.012006861,0.164665523,0,0.226415094,0.102941176,1.411764706,0,1.941176471,13.71428571,0,18.85714286,0,1.375,,44,84,3.4,1,24,1,98,1,0.269155206,0,0,1,1
26,weka-dev,1-ModelPerformanceChart,weka.gui.beans.ModelPerformanceChart.performRequest(java.lang.String),1,4,4,4,1,1,388,0.002920883,1,1,1629.4,0.011801966,1,1,3930,0.017329124,0.463682532,0.769230769,4.658730159,10,0.104895105,1,3.065656566,27,100,7.93006993,45,0.385622152,0.080064077,0.954521404,0.195121951,0.021276596,0.048780488,0.130434783,0.024390244,7.574712644,0.075,7.85,0.45,31.35,0,2.175,0.075,0.024390244,0.87804878,0.65,9.45,24,16,2,69,7,6,412,11,4.596703497,1409.735094,47,41,41,47,41,41,41,41,35,1,41,41,41,41,41,41,68.93617021,46,68.85106383,45.94285714,68.95744681,45.8,69,45.91428571,68.89361702,45.8,0,0,68.65957447,45.91428571,0.139327385,0.400137268,0.046671242,0.004804393,0.065888813,0,0.090597117,2.871921182,0.334975369,0.034482759,0.472906404,0,0.650246305,0.116638079,0.012006861,0.164665523,0,0.226415094,0.102941176,1.411764706,0,1.941176471,13.71428571,0,18.85714286,0,1.375,,44,84,3.4,1,24,1,187,2,0.421741978,1,0,0,1
40,weka-dev,1-ModelPerformanceChart,weka.gui.beans.ModelPerformanceChart.performRequest(java.lang.String),1,2,1,4,1,1,388,0.002920883,1,1,1629.4,0.011801966,1,1,3930,0.017329124,0.463682532,0.769230769,4.658730159,10,0.104895105,1,3.065656566,27,100,7.93006993,45,0.385622152,0.080064077,0.954521404,0.195121951,0.021276596,0.048780488,0.130434783,0.024390244,7.574712644,0.075,7.85,0.45,31.35,0,2.175,0.075,0.024390244,0.87804878,0.65,9.45,24,16,2,69,7,6,412,11,4.596703497,1409.735094,47,41,41,47,41,41,41,41,35,1,41,41,41,41,41,41,68.93617021,46,68.85106383,45.94285714,68.95744681,45.8,69,45.91428571,68.89361702,45.8,0,0,68.65957447,45.91428571,0.139327385,0.400137268,0.046671242,0.004804393,0.065888813,0,0.090597117,2.871921182,0.334975369,0.034482759,0.472906404,0,0.650246305,0.116638079,0.012006861,0.164665523,0,0.226415094,0.102941176,1.411764706,0,1.941176471,13.71428571,0,18.85714286,0,1.375,,44,84,3.4,1,24,0,,0,0,0,0,0,0
45,weka-dev,1-ModelPerformanceChart,weka.gui.beans.ModelPerformanceChart.performRequest(java.lang.String),1,1,1,4,1,1,388,0.002920883,1,1,1629.4,0.011801966,1,1,3930,0.017329124,0.463682532,0.769230769,4.658730159,10,0.104895105,1,3.065656566,27,100,7.93006993,45,0.385622152,0.080064077,0.954521404,0.195121951,0.021276596,0.048780488,0.130434783,0.024390244,7.574712644,0.075,7.85,0.45,31.35,0,2.175,0.075,0.024390244,0.87804878,0.65,9.45,24,16,2,69,7,6,412,11,4.596703497,1409.735094,47,41,41,47,41,41,41,41,35,1,41,41,41,41,41,41,68.93617021,46,68.85106383,45.94285714,68.95744681,45.8,69,45.91428571,68.89361702,45.8,0,0,68.65957447,45.91428571,0.139327385,0.400137268,0.046671242,0.004804393,0.065888813,0,0.090597117,2.871921182,0.334975369,0.034482759,0.472906404,0,0.650246305,0.116638079,0.012006861,0.164665523,0,0.226415094,0.102941176,1.411764706,0,1.941176471,13.71428571,0,18.85714286,0,1.375,,44,84,3.4,1,24,1,4,1,0.330713818,0,0,1,1
50,weka-dev,1-ModelPerformanceChart,weka.gui.beans.ModelPerformanceChart.performRequest(java.lang.String),1,2,2,4,1,1,388,0.002920883,1,1,1629.4,0.011801966,1,1,3930,0.017329124,0.463682532,0.769230769,4.658730159,10,0.104895105,1,3.065656566,27,100,7.93006993,45,0.385622152,0.080064077,0.954521404,0.195121951,0.021276596,0.048780488,0.130434783,0.024390244,7.574712644,0.075,7.85,0.45,31.35,0,2.175,0.075,0.024390244,0.87804878,0.65,9.45,24,16,2,69,7,6,412,11,4.596703497,1409.735094,47,41,41,47,41,41,41,41,35,1,41,41,41,41,41,41,68.93617021,46,68.85106383,45.94285714,68.95744681,45.8,69,45.91428571,68.89361702,45.8,0,0,68.65957447,45.91428571,0.139327385,0.400137268,0.046671242,0.004804393,0.065888813,0,0.090597117,2.871921182,0.334975369,0.034482759,0.472906404,0,0.650246305,0.116638079,0.012006861,0.164665523,0,0.226415094,0.102941176,1.411764706,0,1.941176471,13.71428571,0,18.85714286,0,1.375,,44,84,3.4,1,24,1,63,2,0.584151932,1,0,0,1
23,weka-dev,1-ModelPerformanceChart,weka.gui.beans.ModelPerformanceChart.performRequest(java.lang.String),1,2,1,4,1,1,388,0.002920883,1,1,1629.4,0.011801966,1,1,3930,0.017329124,0.463682532,0.769230769,4.658730159,10,0.104895105,1,3.065656566,27,100,7.93006993,45,0.385622152,0.080064077,0.954521404,0.195121951,0.021276596,0.048780488,0.130434783,0.024390244,7.574712644,0.075,7.85,0.45,31.35,0,2.175,0.075,0.024390244,0.87804878,0.65,9.45,24,16,2,69,7,6,412,11,4.596703497,1409.735094,47,41,41,47,41,41,41,41,35,1,41,41,41,41,41,41,68.93617021,46,68.85106383,45.94285714,68.95744681,45.8,69,45.91428571,68.89361702,45.8,0,0,68.65957447,45.91428571,0.139327385,0.400137268,0.046671242,0.004804393,0.065888813,0,0.090597117,2.871921182,0.334975369,0.034482759,0.472906404,0,0.650246305,0.116638079,0.012006861,0.164665523,0,0.226415094,0.102941176,1.411764706,0,1.941176471,13.71428571,0,18.85714286,0,1.375,,44,84,3.4,1,24,1,72,1,0.286182056,0,0,1,1
70,weka-dev,1-ModelPerformanceChart,weka.gui.beans.ModelPerformanceChart.performRequest(java.lang.String),1,3,2,4,1,1,388,0.002920883,1,1,1629.4,0.011801966,1,1,3930,0.017329124,0.463682532,0.769230769,4.658730159,10,0.104895105,1,3.065656566,27,100,7.93006993,45,0.385622152,0.080064077,0.954521404,0.195121951,0.021276596,0.048780488,0.130434783,0.024390244,7.574712644,0.075,7.85,0.45,31.35,0,2.175,0.075,0.024390244,0.87804878,0.65,9.45,24,16,2,69,7,6,412,11,4.596703497,1409.735094,47,41,41,47,41,41,41,41,35,1,41,41,41,41,41,41,68.93617021,46,68.85106383,45.94285714,68.95744681,45.8,69,45.91428571,68.89361702,45.8,0,0,68.65957447,45.91428571,0.139327385,0.400137268,0.046671242,0.004804393,0.065888813,0,0.090597117,2.871921182,0.334975369,0.034482759,0.472906404,0,0.650246305,0.116638079,0.012006861,0.164665523,0,0.226415094,0.102941176,1.411764706,0,1.941176471,13.71428571,0,18.85714286,0,1.375,,44,84,3.4,1,24,0,,0,0,0,0,0,0
82,weka-dev,1-ModelPerformanceChart,weka.gui.beans.ModelPerformanceChart.performRequest(java.lang.String),4,10,7,4,1,1,388,0.002920883,1,1,1629.4,0.011801966,1,1,3930,0.017329124,0.463682532,0.769230769,4.658730159,10,0.104895105,1,3.065656566,27,100,7.93006993,45,0.385622152,0.080064077,0.954521404,0.195121951,0.021276596,0.048780488,0.130434783,0.024390244,7.574712644,0.075,7.85,0.45,31.35,0,2.175,0.075,0.024390244,0.87804878,0.65,9.45,24,16,2,69,7,6,412,11,4.596703497,1409.735094,47,41,41,47,41,41,41,41,35,1,41,41,41,41,41,41,68.93617021,46,68.85106383,45.94285714,68.95744681,45.8,69,45.91428571,68.89361702,45.8,0,0,68.65957447,45.91428571,0.139327385,0.400137268,0.046671242,0.004804393,0.065888813,0,0.090597117,2.871921182,0.334975369,0.034482759,0.472906404,0,0.650246305,0.116638079,0.012006861,0.164665523,0,0.226415094,0.102941176,1.411764706,0,1.941176471,13.71428571,0,18.85714286,0,1.375,,44,84,3.4,1,24,1,92,3,0.819253438,1,1,0,0
5,weka-dev,1-GeneratorPropertyIteratorPanel,weka.gui.experiment.GeneratorPropertyIteratorPanel.actionPerformed(java.awt.event.ActionEvent),2,2,2,4,0.75,0.657725,6421,0.024123517,0.828703704,0.923938889,8381.5,0.032146795,0.9375,1,9035,0.03482122,0.455510825,0.772357724,4.512820513,10,0.138211382,1,3.610778443,31,100,9.105691057,45,0.47424916,0.15430335,1,0.058823529,0.05,0.029411765,0.135135135,0.176470588,8.984615385,0.15625,7.1875,0.4375,32.59375,0.03125,2.03125,0.09375,0.058823529,1.176470588,0.59375,8.625,22,12,2,65,5,1,313,11,4.606932182,1168.278231,40,34,34,40,34,34,34,34,40,34,34,34,34,34,34,33,63.375,39,65,38.6969697,65,38.71212121,64.925,38.86363636,65,38.40909091,0,0,64.9,38.78787879,0.152721365,0.45978879,0.036555646,0.002437043,0.017871649,0,0.108042242,3.010638298,0.239361702,0.015957447,0.117021277,0,0.707446809,0.0795053,0.005300353,0.038869258,0,0.234982332,0.066666667,0.488888889,0,2.955555556,7.333333333,0,44.33333333,0,6.045454545,,39,48,3.333333333,1,22,0,,0,0,0,0,0,0
6,weka-dev,1-GeneratorPropertyIteratorPanel,weka.gui.experiment.GeneratorPropertyIteratorPanel.actionPerformed(java.awt.event.ActionEvent),2,3,3,4,0.75,0.657725,6421,0.024123517,0.828703704,0.923938889,8381.5,0.032146795,0.9375,1,9035,0.03482122,0.455510825,0.772357724,4.512820513,10,0.138211382,1,3.610778443,31,100,9.105691057,45,0.47424916,0.15430335,1,0.058823529,0.05,0.029411765,0.135135135,0.176470588,8.984615385,0.15625,7.1875,0.4375,32.59375,0.03125,2.03125,0.09375,0.058823529,1.176470588,0.59375,8.625,22,12,2,65,5,1,313,11,4.606932182,1168.278231,40,34,34,40,34,34,34,34,40,34,34,34,34,34,34,33,63.375,39,65,38.6969697,65,38.71212121,64.925,38.86363636,65,38.40909091,0,0,64.9,38.78787879,0.152721365,0.45978879,0.036555646,0.002437043,0.017871649,0,0.108042242,3.010638298,0.239361702,0.015957447,0.117021277,0,0.707446809,0.0795053,0.005300353,0.038869258,0,0.234982332,0.066666667,0.488888889,0,2.955555556,7.333333333,0,44.33333333,0,6.045454545,,39,48,3.333333333,1,22,1,147,0,0,0,0,1,1
26,weka-dev,1-GeneratorPropertyIteratorPanel,weka.gui.experiment.GeneratorPropertyIteratorPanel.actionPerformed(java.awt.event.ActionEvent),1,4,4,4,0.75,0.657725,6421,0.024123517,0.828703704,0.923938889,8381.5,0.032146795,0.9375,1,9035,0.03482122,0.455510825,0.772357724,4.512820513,10,0.138211382,1,3.610778443,31,100,9.105691057,45,0.47424916,0.15430335,1,0.058823529,0.05,0.029411765,0.135135135,0.176470588,8.984615385,0.15625,7.1875,0.4375,32.59375,0.03125,2.03125,0.09375,0.058823529,1.176470588,0.59375,8.625,22,12,2,65,5,1,313,11,4.606932182,1168.278231,40,34,34,40,34,34,34,34,40,34,34,34,34,34,34,33,63.375,39,65,38.6969697,65,38.71212121,64.925,38.86363636,65,38.40909091,0,0,64.9,38.78787879,0.152721365,0.45978879,0.036555646,0.002437043,0.017871649,0,0.108042242,3.010638298,0.239361702,0.015957447,0.117021277,0,0.707446809,0.0795053,0.005300353,0.038869258,0,0.234982332,0.066666667,0.488888889,0,2.955555556,7.333333333,0,44.33333333,0,6.045454545,,39,48,3.333333333,1,22,1,78,2,0.564505566,1,0,0,1
41,weka-dev,1-GeneratorPropertyIteratorPanel,weka.gui.experiment.GeneratorPropertyIteratorPanel.actionPerformed(java.awt.event.ActionEvent),1,2,1,4,0.75,0.657725,6421,0.024123517,0.828703704,0.923938889,8381.5,0.032146795,0.9375,1,9035,0.03482122,0.455510825,0.772357724,4.512820513,10,0.138211382,1,3.610778443,31,100,9.105691057,45,0.47424916,0.15430335,1,0.058823529,0.05,0.029411765,0.135135135,0.176470588,8.984615385,0.15625,7.1875,0.4375,32.59375,0.03125,2.03125,0.09375,0.058823529,1.176470588,0.59375,8.625,22,12,2,65,5,1,313,11,4.606932182,1168.278231,40,34,34,40,34,34,34,34,40,34,34,34,34,34,34,33,63.375,39,65,38.6969697,65,38.71212121,64.925,38.86363636,65,38.40909091,0,0,64.9,38.78787879,0.152721365,0.45978879,0.036555646,0.002437043,0.017871649,0,0.108042242,3.010638298,0.239361702,0.015957447,0.117021277,0,0.707446809,0.0795053,0.005300353,0.038869258,0,0.234982332,0.066666667,0.488888889,0,2.955555556,7.333333333,0,44.33333333,0,6.045454545,,39,48,3.333333333,1,22,0,,0,0,0,0,0,0
15,weka-dev,1-GeneratorPropertyIteratorPanel,weka.gui.experiment.GeneratorPropertyIteratorPanel.actionPerformed(java.awt.event.ActionEvent),2,4,4,4,0.75,0.657725,6421,0.024123517,0.828703704,0.923938889,8381.5,0.032146795,0.9375,1,9035,0.03482122,0.455510825,0.772357724,4.512820513,10,0.138211382,1,3.610778443,31,100,9.105691057,45,0.47424916,0.15430335,1,0.058823529,0.05,0.029411765,0.135135135,0.176470588,8.984615385,0.15625,7.1875,0.4375,32.59375,0.03125,2.03125,0.09375,0.058823529,1.176470588,0.59375,8.625,22,12,2,65,5,1,313,11,4.606932182,1168.278231,40,34,34,40,34,34,34,34,40,34,34,34,34,34,34,33,63.375,39,65,38.6969697,65,38.71212121,64.925,38.86363636,65,38.40909091,0,0,64.9,38.78787879,0.152721365,0.45978879,0.036555646,0.002437043,0.017871649,0,0.108042242,3.010638298,0.239361702,0.015957447,0.117021277,0,0.707446809,0.0795053,0.005300353,0.038869258,0,0.234982332,0.066666667,0.488888889,0,2.955555556,7.333333333,0,44.33333333,0,6.045454545,,39,48,3.333333333,1,22,1,935,2,0,1,0,0,1
50,weka-dev,1-GeneratorPropertyIteratorPanel,weka.gui.experiment.GeneratorPropertyIteratorPanel.actionPerformed(java.awt.event.ActionEvent),1,2,2,4,0.75,0.657725,6421,0.024123517,0.828703704,0.923938889,8381.5,0.032146795,0.9375,1,9035,0.03482122,0.455510825,0.772357724,4.512820513,10,0.138211382,1,3.610778443,31,100,9.105691057,45,0.47424916,0.15430335,1,0.058823529,0.05,0.029411765,0.135135135,0.176470588,8.984615385,0.15625,7.1875,0.4375,32.59375,0.03125,2.03125,0.09375,0.058823529,1.176470588,0.59375,8.625,22,12,2,65,5,1,313,11,4.606932182,1168.278231,40,34,34,40,34,34,34,34,40,34,34,34,34,34,34,33,63.375,39,65,38.6969697,65,38.71212121,64.925,38.86363636,65,38.40909091,0,0,64.9,38.78787879,0.152721365,0.45978879,0.036555646,0.002437043,0.017871649,0,0.108042242,3.010638298,0.239361702,0.015957447,0.117021277,0,0.707446809,0.0795053,0.005300353,0.038869258,0,0.234982332,0.066666667,0.488888889,0,2.955555556,7.333333333,0,44.33333333,0,6.045454545,,39,48,3.333333333,1,22,1,10,2,0.65356909,1,0,0,1
23,weka-dev,1-GeneratorPropertyIteratorPanel,weka.gui.experiment.GeneratorPropertyIteratorPanel.actionPerformed(java.awt.event.ActionEvent),1,2,1,4,0.75,0.657725,6421,0.024123517,0.828703704,0.923938889,8381.5,0.032146795,0.9375,1,9035,0.03482122,0.455510825,0.772357724,4.512820513,10,0.138211382,1,3.610778443,31,100,9.105691057,45,0.47424916,0.15430335,1,0.058823529,0.05,0.029411765,0.135135135,0.176470588,8.984615385,0.15625,7.1875,0.4375,32.59375,0.03125,2.03125,0.09375,0.058823529,1.176470588,0.59375,8.625,22,12,2,65,5,1,313,11,4.606932182,1168.278231,40,34,34,40,34,34,34,34,40,34,34,34,34,34,34,33,63.375,39,65,38.6969697,65,38.71212121,64.925,38.86363636,65,38.40909091,0,0,64.9,38.78787879,0.152721365,0.45978879,0.036555646,0.002437043,0.017871649,0,0.108042242,3.010638298,0.239361702,0.015957447,0.117021277,0,0.707446809,0.0795053,0.005300353,0.038869258,0,0.234982332,0.066666667,0.488888889,0,2.955555556,7.333333333,0,44.33333333,0,6.045454545,,39,48,3.333333333,1,22,0,,0,0,0,0,0,0
70,weka-dev,1-GeneratorPropertyIteratorPanel,weka.gui.experiment.GeneratorPropertyIteratorPanel.actionPerformed(java.awt.event.ActionEvent),1,3,2,4,0.75,0.657725,6421,0.024123517,0.828703704,0.923938889,8381.5,0.032146795,0.9375,1,9035,0.03482122,0.455510825,0.772357724,4.512820513,10,0.138211382,1,3.610778443,31,100,9.105691057,45,0.47424916,0.15430335,1,0.058823529,0.05,0.029411765,0.135135135,0.176470588,8.984615385,0.15625,7.1875,0.4375,32.59375,0.03125,2.03125,0.09375,0.058823529,1.176470588,0.59375,8.625,22,12,2,65,5,1,313,11,4.606932182,1168.278231,40,34,34,40,34,34,34,34,40,34,34,34,34,34,34,33,63.375,39,65,38.6969697,65,38.71212121,64.925,38.86363636,65,38.40909091,0,0,64.9,38.78787879,0.152721365,0.45978879,0.036555646,0.002437043,0.017871649,0,0.108042242,3.010638298,0.239361702,0.015957447,0.117021277,0,0.707446809,0.0795053,0.005300353,0.038869258,0,0.234982332,0.066666667,0.488888889,0,2.955555556,7.333333333,0,44.33333333,0,6.045454545,,39,48,3.333333333,1,22,0,,0,0,0,0,0,0
82,weka-dev,1-GeneratorPropertyIteratorPanel,weka.gui.experiment.GeneratorPropertyIteratorPanel.actionPerformed(java.awt.event.ActionEvent),4,10,7,4,0.75,0.657725,6421,0.024123517,0.828703704,0.923938889,8381.5,0.032146795,0.9375,1,9035,0.03482122,0.455510825,0.772357724,4.512820513,10,0.138211382,1,3.610778443,31,100,9.105691057,45,0.47424916,0.15430335,1,0.058823529,0.05,0.029411765,0.135135135,0.176470588,8.984615385,0.15625,7.1875,0.4375,32.59375,0.03125,2.03125,0.09375,0.058823529,1.176470588,0.59375,8.625,22,12,2,65,5,1,313,11,4.606932182,1168.278231,40,34,34,40,34,34,34,34,40,34,34,34,34,34,34,33,63.375,39,65,38.6969697,65,38.71212121,64.925,38.86363636,65,38.40909091,0,0,64.9,38.78787879,0.152721365,0.45978879,0.036555646,0.002437043,0.017871649,0,0.108042242,3.010638298,0.239361702,0.015957447,0.117021277,0,0.707446809,0.0795053,0.005300353,0.038869258,0,0.234982332,0.066666667,0.488888889,0,2.955555556,7.333333333,0,44.33333333,0,6.045454545,,39,48,3.333333333,1,22,1,20,3,0.960707269,1,1,0,0